Time	Position	Velocity	Acceleration
0.02	0.167133	0.02895	1.42540084877
0.04	0.167463	0.0529854166667	1.40939371142
0.06	0.167913	0.0996108333333	0.883115162037
0.08	0.172245	0.113793055556	-0.585634066358
0.1	0.174254	0.0552458333333	-1.26837943673
0.12	0.173232	0.0370222222222	-0.929378472222
0.14	0.174688	0.0544680555556	-1.91970486111
0.16	0.178032	-0.0338819444444	-2.92514660494
0.18	0.173302	-0.119516666667	-1.32471257716
0.2	0.171118	-0.105969444444	1.34099729938
0.22	0.168675	-0.0560222222222	3.56785686728
0.24	0.167445	0.0634875	4.3357195216
0.26	0.171794	0.156427777778	3.19957561728
0.28	0.175277	0.182029166667	2.31478009259
0.3	0.178465	0.226155555556	2.34453896605
0.32	0.183888	0.284316666667	2.0959992284
0.34	0.190368	0.320581944444	1.41700231481
0.36	0.197056	0.338505555556	0.799851466049
0.38	0.204038	0.346280555556	0.479101080247
0.4	0.210865	0.354195833333	0.378676697531
0.42	0.218228	0.361123611111	0.339118441358
0.44	0.225349	0.366431944444	0.376772762346
0.46	0.2328	0.3758625	0.432735339506
0.48	0.240423	0.3838	0.47943287037
0.5	0.248047	0.396094444444	0.478541666667
0.52	0.256363	0.404540277778	0.405094521605
0.54	0.264299	0.409902777778	0.419926697531
0.56	0.27258	0.422198611111	0.391400462963
0.58	0.28133	0.428059722222	0.258335262346
0.6	0.289751	0.431326388889	0.184224537037
0.62	0.298587	0.434131944444	0.187334104938
0.64	0.307163	0.435704166667	0.341277006173
0.66	0.315792	0.447377777778	0.517098765432
0.68	0.325061	0.459725	0.55044367284
0.7	0.334262	0.469370833333	0.573217592593
0.72	0.343756	0.481733333333	0.645036651235
0.74	0.35358	0.494426388889	0.729672067901
0.76	0.363491	0.5092	0.779886188272
0.78	0.373488	0.537879166667	0.269376929012
0.8	0.385755	0.532363888889	-0.691086033951
0.82	0.395717	0.487922222222	-0.641799768519
0.84	0.404242	0.486722222222	0.308927469136
0.86	0.414568	0.513890277778	0.740516975309
0.88	0.425172	0.529845833333	0.554679783951
0.9	0.436018	0.534148611111	0.358179012346
0.92	0.446483	0.538744444444	0.378485725309
0.94	0.457433	0.5489	0.439332561728
0.96	0.468435	0.559494444444	0.371277006173
0.98	0.47994	0.564691666667	0.247137345679
1	0.491046	0.567786111111	0.183287037037
1.02	0.502602	0.572218055556	0.133701774691
1.04	0.514055	0.572104166667	0.1496875
1.06	0.525421	0.5753	0.289612268519
1.08	0.536908	0.585072222222	0.37662808642
1.1	0.548898	0.592870833333	0.354922839506
1.12	0.560697	0.597636111111	0.380075231481
1.14	0.572635	0.608656944444	0.383510802469
1.16	0.585179	0.614502777778	0.335698302469
1.18	0.597273	0.6185875	0.419845679012
1.2	0.609678	0.63225	0.444944058642
1.22	0.622655	0.641356944444	0.263616898148
1.24	0.635529	0.6421	0.118202160494
1.26	0.648367	0.6413	0.182170138889
1.28	0.661015	0.647519444444	0.338476080247
1.3	0.674166	0.658397222222	0.355106095679
1.32	0.687507	0.663516666667	0.289195601852
1.34	0.700744	0.666934722222	0.336828703704
1.36	0.714016	0.676897222222	0.399274691358
1.38	0.727894	0.68455	0.40834683642
1.4	0.741443	0.691152777778	0.49450617284
1.42	0.755374	0.704429166667	0.565380015432
1.44	0.76965	0.716743055556	0.503327546296
1.46	0.784152	0.724529166667	0.390551697531
1.48	0.798568	0.733720833333	0.0658969907408
1.5	0.813572	0.738341666667	-1.16084104938
1.52	0.828248	0.7178125	-4.29049189815
1.54	0.843079	0.624354166667	-10.0331385031
1.56	0.857355	0.3246375	-15.5834066358
1.58	0.859053	-0.1114875	-15.4683989198
1.6	0.849697	-0.402076388889	-9.86447530864
1.62	0.839198	-0.499469444444	-4.00775270062
1.64	0.828542	-0.507538888889	-0.681988811728
1.66	0.818718	-0.489701388889	0.452862654321
1.68	0.809137	-0.477140277778	0.609664351852
1.7	0.799625	-0.465240277778	0.584311342593
1.72	0.790476	-0.452290277778	0.463958333333
1.74	0.781692	-0.446406944444	0.334305555556
1.76	0.772596	-0.440368055556	0.271938657407
1.78	0.764089	-0.435468055556	0.231693672839
1.8	0.755252	-0.433056944444	0.296236496914
1.82	0.746659	-0.425594444444	0.451630015432
1.84	0.738134	-0.413708333333	0.562961033951
1.86	0.730147	-0.401958333333	0.621433256173
1.88	0.722056	-0.389861111111	0.697665895062
1.9	0.714415	-0.372448611111	0.698047839506
1.92	0.707276	-0.3596875	0.602235725309
1.94	0.700121	-0.350925	0.601846064815
1.96	0.693069	-0.335776388889	0.605518904321
1.98	0.686779	-0.324315277778	0.507729552469
2	0.680161	-0.316131944444	0.430914351852
2.02	0.674079	-0.306629166667	0.351116898148
2.04	0.668067	-0.303809722222	0.364484953704
2.06	0.661812	-0.295741666667	0.534390432099
2.08	0.656043	-0.279593055556	0.589266975309
2.1	0.650793	-0.269490277778	0.529263117284
2.12	0.645301	-0.2607375	0.545063657407
2.14	0.640241	-0.247836111111	0.567212577161
2.16	0.635425	-0.236156944444	0.526446759259
2.18	0.630903	-0.228491666667	0.55533757716
2.2	0.626155	-0.215420833333	0.635999228395
2.22	0.62224	-0.200498611111	0.600160108025
2.24	0.61822	-0.189531944444	0.478589891975
2.26	0.61472	-0.181729166667	0.378194444444
2.28	0.61103	-0.177329166667	0.414292052469
2.3	0.607495	-0.167106944444	0.539606481481
2.32	0.604255	-0.153120833333	0.563040123457
2.34	0.601483	-0.143041666667	0.522804783951
2.36	0.598589	-0.134952777778	0.579859182099
2.38	0.595904	-0.120056944444	0.644803240741
2.4	0.593807	-0.105572222222	0.569938271605
2.42	0.591884	-0.0991166666667	0.562704475309
2.44	0.589649	-0.0850625	0.628879243827
2.46	0.588471	-0.0708194444444	0.565084876543
2.48	0.586946	-0.0621055555556	0.488364197531
2.5	0.585959	-0.0523388888889	0.455237268519
2.52	0.584919	-0.0456569444444	0.499201388889
2.54	0.583966	-0.0320361111111	0.537581018519
2.56	0.583723	-0.0216791666667	0.475407021605
2.58	0.583204	-0.0153986111111	0.501130401235
2.6	0.582909	-0.00166805555555	0.527696759259
2.62	0.583238	0.00825	0.455760030864
2.64	0.583342	0.0141986111111	0.46552662037
2.66	0.583602	0.0274347222222	0.446568287037
2.68	0.584572	0.0351680555556	0.308958333333
2.7	0.585162	0.0366097222222	0.298105709877
2.72	0.58582	0.0460569444444	0.337033179012
2.74	0.587085	0.05255	0.28981095679
2.76	0.58802	0.0554888888889	0.324633487654
2.78	0.589112	0.0656736111111	0.354106867284
2.8	0.590758	0.0717527777778	0.306327160494
2.82	0.592057	0.0751458333333	0.364398148148
2.84	0.593547	0.0868513888889	0.402011959877
2.86	0.595661	0.0937680555556	0.340993441358
2.88	0.597377	0.0976847222222	0.382810570988
2.9	0.599352	0.109726388889	0.398983410494
2.92	0.601916	0.116026388889	0.326157407407
2.94	0.604064	0.119619444444	0.376103395062
2.96	0.60649	0.131490277778	0.406101466049
2.98	0.609453	0.138147222222	0.343572530864
3	0.612034	0.144041666667	0.324918981482
3.02	0.61517	0.151323611111	0.301113040123
3.04	0.618168	0.155323611111	0.318516589506
3.06	0.621287	0.163473611111	0.366219135802
3.08	0.624735	0.170775	0.382000385802
3.1	0.62813	0.177929166667	0.42359375
3.12	0.631752	0.188840277778	0.415860339506
3.14	0.635789	0.195713888889	0.360864197531
3.16	0.639618	0.201002777778	0.390547839506
3.18	0.643672	0.212147222222	0.389834104938
3.2	0.648229	0.218480555556	0.315711805556
3.22	0.652474	0.222302777778	0.329438657407
3.24	0.656944	0.232454166667	0.306950231481
3.26	0.661899	0.237272222222	0.183132716049
3.28	0.66656	0.237061111111	0.167685185185
3.3	0.671221	0.242684722222	0.208557098765
3.32	0.67628	0.247727777778	0.173792438272
3.34	0.681252	0.248502777778	0.194893904321
3.36	0.686138	0.252923611111	0.320954861111
3.38	0.69125	0.262452777778	0.40353587963
3.4	0.696673	0.271318055556	0.382627314815
3.42	0.702165	0.277451388889	0.351421682099
3.44	0.707692	0.285877777778	0.301186342593
3.46	0.713704	0.290144444444	0.242673611111
3.48	0.71937	0.291834722222	0.346875
3.5	0.72514	0.303519444444	0.474436728395
3.52	0.73155	0.314226388889	0.45340470679
3.54	0.737788	0.321780555556	0.404133873457
3.56	0.744354	0.331038888889	0.323119212963
3.58	0.751163	0.334633333333	0.261072530864
3.6	0.757747	0.338156944444	0.344643132716
3.62	0.764522	0.348698611111	0.417268518519
3.64	0.771747	0.357381944444	0.376466049383
3.66	0.778851	0.364306944444	0.302145061728
3.68	0.786353	0.369426388889	0.229608410494
3.7	0.793699	0.371405555556	0.248065200617
3.72	0.801063	0.379180555556	0.281039737654
3.74	0.808929	0.384733333333	0.222322530864
3.76	0.816535	0.386922222222	0.163267746914
3.78	0.824245	0.394218055556	-0.119249614198
3.8	0.832475	0.391386111111	-0.972312885802
3.82	0.840203	0.366979166667	-2.55720486111
3.84	0.847618	0.306408333333	-4.97345100309
3.86	0.853856	0.171359722222	-7.3574845679
3.88	0.85564	-0.0208902777778	-7.97934992284
3.9	0.852487	-0.1892625	-6.41705246914
3.92	0.846804	-0.291590277778	-3.94575810185
3.94	0.839925	-0.338556944444	-1.79819637346
3.96	0.832666	-0.347819444444	-0.489126157408
3.98	0.825891	-0.345148611111	0.059816743827
4	0.818909	-0.341870833333	0.300750385802
4.02	0.812048	-0.331266666667	0.386570216049
4.04	0.805741	-0.323930555556	0.344054783951
4.06	0.79914	-0.318620833333	0.339191743827
4.08	0.792919	-0.310534722222	0.351473765432
4.1	0.786803	-0.30525	0.406473765432
4.12	0.780635	-0.296265277778	0.541026234568
4.14	0.774814	-0.281538888889	0.590557484568
4.16	0.769495	-0.270940277778	0.56515625
4.18	0.764002	-0.261265277778	0.616782407407
4.2	0.758874	-0.2452125	0.621456404321
4.22	0.754317	-0.233958333333	0.526066743827
4.24	0.749604	-0.226473611111	0.513877314815
4.26	0.745099	-0.213252777778	0.495495756173
4.28	0.741184	-0.204859722222	0.421005015432
4.3	0.736973	-0.198681944444	0.447546296296
4.32	0.733144	-0.188809722222	0.550121527778
4.34	0.729332	-0.174963888889	0.583630401235
4.36	0.726214	-0.163556944444	0.526591435185
4.38	0.722835	-0.154536111111	0.487146990741
4.4	0.719994	-0.144358333333	0.471859567901
4.42	0.717135	-0.136740277778	0.51341242284
4.44	0.714449	-0.125522222222	0.618516589506
4.46	0.711989	-0.109491666667	0.615902777778
4.48	0.710204	-0.0985583333333	0.51215470679
4.5	0.708143	-0.0918416666667	0.509864969136
4.52	0.706341	-0.0782791666667	0.517399691358
4.54	0.705111	-0.0685680555556	0.433069058642
4.56	0.703724	-0.0637027777778	0.457480709877
4.58	0.702356	-0.0509930555556	0.515358796296
4.6	0.701749	-0.0404819444444	0.477179783951
4.62	0.700848	-0.0340222222222	0.517417052469
4.64	0.70019	-0.0198458333333	0.552793209877
4.66	0.700138	-0.00930694444444	0.491662808642
4.68	0.699913	-0.00194583333333	0.503028549383
4.7	0.699965	0.00897222222222	0.583616898148
4.72	0.70019	0.0234319444444	0.578811728395
4.74	0.701004	0.0338125	0.489369212963
4.76	0.701559	0.0426	0.409502314815
4.78	0.70272	0.0502375	0.346084104938
4.8	0.703672	0.0540916666667	0.397008101852
4.82	0.704747	0.0640097222222	0.532864583333
4.84	0.706115	0.0785958333333	0.536631944444
4.86	0.708039	0.0877208333333	0.441834490741
4.88	0.709702	0.093275	0.459135802469
4.9	0.711591	0.1056625	0.504891975309
4.92	0.714016	0.115141666667	0.490511188272
4.94	0.716234	0.123475	0.534444444444
4.96	0.718781	0.138055555556	0.510719521605
4.98	0.721917	0.146234722222	0.400054012346
5	0.724741	0.150133333333	0.442322530864
5.02	0.727669	0.163568055556	0.501606867284
5.04	0.73136	0.174201388889	0.408584104938
5.06	0.734825	0.177509722222	0.407594521605
5.08	0.738255	0.188775	0.473180941358
5.1	0.742396	0.199015277778	0.446643518519
5.12	0.746312	0.206097222222	0.446705246914
5.14	0.750592	0.215020833333	0.519405864198
5.16	0.754837	0.227351388889	0.573591820988
5.18	0.759705	0.239358333333	0.556452546296
5.2	0.764418	0.250430555556	0.493661265432
5.22	0.769754	0.259963888889	0.394870756173
5.24	0.774935	0.264201388889	0.381356095679
5.26	0.780167	0.274456944444	0.410360725309
5.28	0.785972	0.282425	0.37840470679
5.3	0.791551	0.287513888889	0.427158564815
5.32	0.797303	0.299227777778	0.475520833333
5.34	0.80354	0.309823611111	0.390324074074
5.36	0.809847	0.314430555556	0.317635030864
5.38	0.816085	0.320027777778	0.326983024691
5.4	0.822547	0.329091666667	0.227355324074
5.42	0.829304	0.334781944444	-0.216136188272
5.44	0.836131	0.327830555556	-1.14980709877
5.46	0.842663	0.300531944444	-2.73620177469
5.48	0.8489	0.22865	-4.77395447531
5.5	0.852833	0.101741666667	-6.30154899691
5.52	0.853422	-0.0492277777778	-6.41223765432
5.54	0.850529	-0.182177777778	-5.03254050926
5.56	0.845089	-0.260255555556	-3.03991512346
5.58	0.839388	-0.2942875	-1.4419849537
5.6	0.833064	-0.307441666667	-0.434166666667
5.62	0.826792	-0.303368055556	0.0565451388889
5.64	0.820971	-0.299211111111	0.196819058642
5.66	0.814889	-0.296186111111	0.310488040123
5.68	0.808998	-0.287922222222	0.441726466049
5.7	0.803281	-0.275773611111	0.459286265432
5.72	0.7981	-0.268273611111	0.417567515432
5.74	0.792573	-0.26185	0.477152777778
5.76	0.787444	-0.248370833333	0.510300925926
5.78	0.782766	-0.239504166667	0.472627314815
5.8	0.777915	-0.232305555556	0.541257716049
5.82	0.773272	-0.217373611111	0.589633487654
5.84	0.769321	-0.205998611111	0.528790509259
5.86	0.765128	-0.198436111111	0.544070216049
5.88	0.761195	-0.183801388889	0.535513117284
5.9	0.757903	-0.174725	0.445133101852
5.92	0.754282	-0.168295833333	0.454334490741
5.94	0.751077	-0.1583125	0.537907021605
5.96	0.747889	-0.145423611111	0.56880787037
5.98	0.745307	-0.134161111111	0.528777006173
6	0.742535	-0.12405	0.472513503086
6.02	0.740369	-0.115283333333	0.430788966049
6.04	0.737996	-0.109026388889	0.49247492284
6.06	0.735882	-0.0971944444444	0.619158950617
6.08	0.734011	-0.0813680555556	0.626830632716
6.1	0.732763	-0.070425	0.555262345679
6.12	0.731238	-0.0617555555556	0.576745756173
6.14	0.730129	-0.0467027777778	0.573074845679
6.16	0.729506	-0.037225	0.504259259259
6.18	0.728639	-0.0278666666667	0.485287422839
6.2	0.728345	-0.0172041666667	0.44537808642
6.22	0.72805	-0.0105375	0.435951003086
6.24	0.72786	-0.00103194444444	0.479405864198
6.26	0.727981	0.00942777777778	0.492575231482
6.28	0.728258	0.0192263888889	0.490636574074
6.3	0.728778	0.0283263888889	0.519006558642
6.32	0.729367	0.0385333333333	0.602978395062
6.34	0.730199	0.0539375	0.617563657407
6.36	0.73162	0.0653611111111	0.529710648148
6.38	0.73285	0.0746680555556	0.451153549383
6.4	0.7346	0.0833972222222	0.38596257716
6.42	0.73628	0.0885513888889	0.403640046296
6.44	0.738065	0.0971972222222	0.522538580247
6.46	0.74004	0.111372222222	0.559612268519
6.48	0.742622	0.121669444444	0.497816358025
6.5	0.744926	0.130691666667	0.449812885803
6.52	0.747837	0.139647222222	0.413381558642
6.54	0.750592	0.145754166667	0.45043595679
6.56	0.753572	0.156116666667	0.547592592593
6.58	0.756742	0.170102777778	0.544716435185
6.6	0.760502	0.179525	0.471350308642
6.62	0.763985	0.1861875	0.497351466049
6.64	0.767762	0.199868055556	0.507727623457
6.66	0.772093	0.209109722222	0.418063271605
6.68	0.776234	0.214101388889	0.421898148148
6.7	0.780479	0.2256375	0.438886959877
6.72	0.785331	0.234080555556	0.373875385802
6.74	0.789957	0.238566666667	0.39575617284
6.76	0.794756	0.247683333333	0.504118441358
6.78	0.799763	0.261191666667	0.509587191358
6.8	0.805325	0.269958333333	0.420873842593
6.82	0.810575	0.277344444444	0.345829475309
6.84	0.816414	0.284175	0.256269290123
6.86	0.822045	0.286745833333	0.185129243827
6.88	0.827797	0.292068055556	0.0281520061728
6.9	0.833723	0.294763888889	-0.522546296296
6.92	0.839891	0.279955555556	-1.58464313272
6.94	0.845331	0.238109722222	-3.03487075617
6.96	0.84994	0.1628625	-4.61937692901
6.98	0.852712	0.0433069444444	-5.58169174383
7	0.851828	-0.0848305555556	-5.2331404321
7.02	0.848744	-0.183604166667	-3.88273533951
7.04	0.843841	-0.244483333333	-2.2313117284
7.06	0.838262	-0.265513888889	-0.93591242284
7.08	0.832978	-0.269369444444	-0.288597608025
7.1	0.827572	-0.272433333333	0.04
7.12	0.821941	-0.268225	0.300603780864
7.14	0.816708	-0.257894444444	0.424519675926
7.16	0.811684	-0.248841666667	0.428524305556
7.18	0.806798	-0.2415125	0.438275462963
7.2	0.801929	-0.230927777778	0.429519675926
7.22	0.797632	-0.223225	0.391412037037
7.24	0.793075	-0.2179	0.467596450617
7.26	0.788761	-0.206052777778	0.604357638889
7.28	0.784759	-0.190654166667	0.607947530864
7.3	0.781259	-0.180213888889	0.529714506173
7.32	0.777534	-0.170036111111	0.471865354938
7.34	0.774502	-0.161644444444	0.439187885802
7.36	0.771123	-0.155293055556	0.525071373457
7.38	0.768056	-0.139518055556	0.567824074074
7.4	0.765683	-0.129213888889	0.476612654321
7.42	0.763015	-0.123766666667	0.512544367284
7.44	0.760502	-0.109548611111	0.584890046296
7.46	0.7587	-0.0974791666667	0.54622492284
7.48	0.756708	-0.0893652777778	0.560985725309
7.5	0.754941	-0.0745305555556	0.550341435185
7.52	0.753866	-0.0652902777778	0.463177083333
7.54	0.752411	-0.0591694444444	0.499380787037
7.56	0.751285	-0.0449069444444	0.516415895062
7.58	0.75073	-0.0356166666667	0.429820601852
7.6	0.749968	-0.0300027777778	0.440347222222
7.62	0.749431	-0.0205486111111	0.549452160494
7.64	0.749015	-0.00581944444444	0.575617283951
7.66	0.74931	0.00500555555556	0.496766975309
7.68	0.749327	0.0111819444444	0.523462577161
7.7	0.749552	0.0252861111111	0.580169753086
7.72	0.750401	0.0371527777778	0.531302083333
7.74	0.751146	0.0449027777778	0.542675540123
7.76	0.752047	0.0584736111111	0.562241512346
7.78	0.753554	0.0691180555556	0.507378472222
7.8	0.754837	0.078525	0.454675925926
7.82	0.756673	0.0880458333333	0.374652777778
7.84	0.758475	0.0925736111111	0.352482638889
7.86	0.760329	0.0996194444444	0.443555169753
7.88	0.762373	0.110281944444	0.537534722222
7.9	0.764695	0.123472222222	0.527461419753
7.92	0.767415	0.132230555556	0.467287808642
7.94	0.769962	0.141425	0.438354552469
7.96	0.773098	0.149391666667	0.439656635802
7.98	0.775957	0.1571625	0.52580632716
8	0.779266	0.170376388889	0.599355709877
8.02	0.782749	0.18395	0.543823302469
8.04	0.786699	0.194373611111	0.391334876543
8.06	0.790702	0.196927777778	0.346244212963
8.08	0.79441	0.205673611111	0.422390046296
8.1	0.798897	0.216231944444	0.416211419753
8.12	0.803211	0.221126388889	0.453641975309
8.14	0.807543	0.234075	0.490736882716
8.16	0.812654	0.243529166667	0.405262345679
8.18	0.817367	0.249395833333	0.341655092593
8.2	0.822547	0.2578875	0.225297067901
8.22	0.827814	0.25985	0.0111304012346
8.24	0.832926	0.260568055556	-0.368451003086
8.26	0.838383	0.251084722222	-1.09330054012
8.28	0.843287	0.222351388889	-2.14264274691
8.3	0.847635	0.169606944444	-3.39545524691
8.32	0.850616	0.0853902777778	-4.48384259259
8.34	0.851569	-0.0240194444444	-4.75668209877
8.36	0.849524	-0.126197222222	-3.90769483025
8.38	0.845747	-0.188998611111	-2.53569058642
8.4	0.841485	-0.222355555556	-1.35740354938
8.42	0.836564	-0.235883333333	-0.576811342593
8.44	0.831903	-0.239290277778	-0.162816358025
8.46	0.826983	-0.240108333333	0.0868595679012
8.48	0.822218	-0.235759722222	0.291919367284
8.5	0.817488	-0.227988888889	0.451286651235
8.52	0.813	-0.215275	0.487239583333
8.54	0.808981	-0.206822222222	0.428261959877
8.56	0.804719	-0.198584722222	0.376726466049
8.58	0.801045	-0.191320833333	0.321309799383
8.6	0.797164	-0.187627777778	0.364155092593
8.62	0.793439	-0.1792	0.512789351852
8.64	0.78987	-0.165411111111	0.597494212963
8.66	0.78689	-0.153238888889	0.592445987654
8.68	0.783806	-0.143572222222	0.641793981482
8.7	0.780964	-0.126941666667	0.659768518519
8.72	0.778833	-0.114391666667	0.564851466049
8.74	0.776512	-0.106841666667	0.560231481482
8.76	0.774363	-0.0921944444444	0.563767361111
8.78	0.772925	-0.0815791666667	0.465327932099
8.8	0.771227	-0.0760680555556	0.461327160494
8.82	0.769685	-0.0633625	0.469054783951
8.84	0.768801	-0.0549305555556	0.39159529321
8.86	0.767589	-0.0504277777778	0.425106095679
8.88	0.766584	-0.0381666666667	0.475391589506
8.9	0.766168	-0.0297472222222	0.470661651235
8.92	0.765423	-0.0217125	0.556053240741
8.94	0.765128	-0.00685972222222	0.60322337963
8.96	0.765215	0.00515416666667	0.540073302469
8.98	0.765423	0.0139805555556	0.501873070988
9	0.765752	0.0231708333333	0.540596064815
9.02	0.766237	0.0368930555556	0.526957947531
9.04	0.767329	0.0462277777778	0.430474537037
9.06	0.768143	0.0529361111111	0.384315200617
9.08	0.769425	0.0601847222222	0.407212577161
9.1	0.770534	0.0684930555556	0.470339506173
9.12	0.772111	0.0794652777778	0.507081404321
9.14	0.773705	0.0903611111111	0.473726851852
9.16	0.775784	0.0990722222222	0.413568672839
9.18	0.777742	0.104559722222	0.44861882716
9.2	0.779804	0.116605555556	0.507957175926
9.22	0.782454	0.127054166667	0.482550154321
9.24	0.784967	0.134591666667	0.500482253086
9.26	0.787704	0.147081944444	0.510300925926
9.28	0.79091	0.157066666667	0.437527006173
9.3	0.79408	0.163273611111	0.412629243827
9.32	0.797338	0.173088888889	0.406458333333
9.34	0.801045	0.180856944444	0.361859567901
9.36	0.804649	0.186159722222	0.381674382716
9.38	0.808426	0.194202777778	0.471203703704
9.4	0.81229	0.207180555556	0.468850308642
9.42	0.81683	0.215691666667	0.34440779321
9.44	0.82104	0.218663888889	0.291759259259
9.46	0.825406	0.227516666667	0.216032021605
9.48	0.830257	0.230841666667	-0.0359953703704
9.5	0.834779	0.226861111111	-0.397185570988
9.52	0.839302	0.219615277778	-1.04294367284
9.54	0.843893	0.192820833333	-2.07094907407
9.56	0.847514	0.137815277778	-3.14437885802
9.58	0.849732	0.0620388888889	-3.89708526235
9.6	0.850321	-0.029575	-3.97847993827
9.62	0.848398	-0.112483333333	-3.24171682099
9.64	0.845192	-0.163861111111	-2.19160108025
9.66	0.841571	-0.195955555556	-1.28839699074
9.68	0.83717	-0.2136625	-0.529320987654
9.7	0.832648	-0.212401388889	-0.0564313271605
9.72	0.828681	-0.209254166667	0.0834799382716
9.74	0.824401	-0.209402777778	0.193757716049
9.76	0.820174	-0.203825	0.372515432099
9.78	0.816119	-0.19235	0.453279320988
9.8	0.81255	-0.183173611111	0.413431712963
9.82	0.808825	-0.175906944444	0.371593364198
9.84	0.805533	-0.169243055556	0.378449074074
9.86	0.802085	-0.163465277778	0.502775848765
9.88	0.798776	-0.148306944444	0.595079089506
9.9	0.796246	-0.136441666667	0.54653742284
9.92	0.793405	-0.127995833333	0.542617669753
9.94	0.790979	-0.114404166667	0.522766203704
9.96	0.788952	-0.105719444444	0.458501157407
9.98	0.786803	-0.0988805555556	0.505248842593
10	0.784811	-0.0850861111111	0.536618441358
10.02	0.783494	-0.0747625	0.466489197531
10.04	0.781935	-0.0688416666667	0.484577546296
10.06	0.780549	-0.0557347222222	0.513148148148
10.08	0.779769	-0.0454847222222	0.442339891975
10.1	0.778868	-0.0400388888889	0.45803433642
10.12	0.778054	-0.0300027777778	0.580217978395
10.14	0.777517	-0.0140569444444	0.592139274691
10.16	0.777638	-0.00342777777778	0.480873842593
10.18	0.777499	0.00201388888889	0.482170138889
10.2	0.777499	0.0155222222222	0.502862654321
10.22	0.778227	0.0249777777778	0.419147376543
10.24	0.778625	0.0295055555556	0.440989583333
10.26	0.77918	0.0425291666667	0.467405478395
10.28	0.780445	0.0509625	0.39265625
10.3	0.781328	0.0552430555556	0.438126929012
10.32	0.782437	0.0681458333333	0.497798996914
10.34	0.784152	0.0773444444444	0.471170910494
10.36	0.785556	0.0858611111111	0.479423225309
10.38	0.787496	0.0973361111111	0.452110339506
10.4	0.789558	0.104488888889	0.414789737654
10.42	0.791689	0.111473611111	0.47828125
10.44	0.79389	0.123627777778	0.535
10.46	0.796645	0.135455555556	0.47387345679
10.48	0.799382	0.143615277778	0.361444830247
10.5	0.802432	0.149319444444	0.286780478395
10.52	0.805429	0.152252777778	0.347733410494
10.54	0.808392	0.161063888889	0.500680941358
10.56	0.811736	0.175547222222	0.515013503086
10.58	0.815565	0.184327777778	0.403977623457
10.6	0.819186	0.189430555556	0.361037808642
10.62	0.822998	0.199220833333	0.292814429012
10.64	0.827277	0.203695833333	0.110808256173
10.66	0.831262	0.202527777778	-0.0667438271605
10.68	0.835265	0.203386111111	-0.392378472222
10.7	0.839613	0.192480555556	-1.00623842593
10.72	0.843269	0.164383333333	-1.73006751543
10.74	0.846301	0.125070833333	-2.52765432099
10.76	0.84871	0.0626	-3.21515625
10.78	0.849091	-0.014075	-3.34058641975
10.8	0.847913	-0.0808083333333	-2.91530478395
10.82	0.845643	-0.134544444444	-2.20571180556
10.84	0.842282	-0.171318055556	-1.36209490741
10.86	0.838435	-0.187969444444	-0.599274691358
10.88	0.834485	-0.189241666667	-0.142378472222
10.9	0.830898	-0.188658333333	0.0435783179012
10.92	0.826983	-0.188631944444	0.215337577161
10.94	0.823119	-0.178915277778	0.312876157407
10.96	0.819914	-0.172591666667	0.267584876543
10.98	0.816344	-0.170563888889	0.316975308642
11	0.812949	-0.162616666667	0.469681712963
11.02	0.809709	-0.149205555556	0.523333333333
11.04	0.807092	-0.139313888889	0.473117283951
11.06	0.804216	-0.132802777778	0.507008101852
11.08	0.801583	-0.1188	0.532324459877
11.1	0.799573	-0.108994444444	0.463126929012
11.12	0.79732	-0.102829166667	0.492914737654
11.14	0.795276	-0.0896611111111	0.538084490741
11.16	0.793803	-0.079025	0.495011574074
11.18	0.792192	-0.0712291666667	0.495414737654
11.2	0.790823	-0.0589125	0.479245756173
11.22	0.789922	-0.0502236111111	0.400794753086
11.24	0.788917	-0.0454555555556	0.433969907407
11.26	0.787947	-0.0343625	0.535381944444
11.28	0.787531	-0.0221652777778	0.563288966049
11.3	0.787115	-0.0117625	0.573591820988
11.32	0.786977	0.00156666666667	0.54071566358
11.34	0.787271	0.0108777777778	0.468987268519
11.36	0.787462	0.0182222222222	0.481467978395
11.38	0.787878	0.0300277777778	0.500617283951
11.4	0.788709	0.0402347222222	0.439398148148
11.42	0.789576	0.0465402777778	0.414834104938
11.44	0.790459	0.0569111111111	0.392382330247
11.46	0.791967	0.0625652777778	0.372025462963
11.48	0.792954	0.0692027777778	0.461444830247
11.5	0.7946	0.0814138888889	0.527706404321
11.52	0.796229	0.0928472222222	0.48850308642
11.54	0.798395	0.101334722222	0.424266975309
11.56	0.800318	0.107751388889	0.437341820988
11.58	0.80257	0.119354166667	0.43918595679
11.6	0.805204	0.126716666667	0.390349151235
11.62	0.807681	0.132516666667	0.434261188272
11.64	0.810332	0.144827777778	0.447472993827
11.66	0.81359	0.152694444444	0.369268904321
11.68	0.816518	0.157398611111	0.366215277778
11.7	0.819723	0.167888888889	0.331676311728
11.72	0.823344	0.173336111111	0.191446759259
11.74	0.826775	0.173916666667	0.106140046296
11.76	0.830223	0.176530555556	0.0399112654321
11.78	0.833809	0.178890277778	-0.187611882716
11.8	0.837569	0.172065277778	-0.586118827161
11.82	0.840844	0.155675	-1.05496334877
11.84	0.843824	0.133168055556	-1.68274305556
11.86	0.846544	0.0909361111111	-2.38772183642
11.88	0.847809	0.0308944444444	-2.74427662037
11.9	0.84767	-0.0265222222222	-2.66816550926
11.92	0.8467	-0.0800402777778	-2.29849344136
11.94	0.844326	-0.123454166667	-1.66107253086
11.96	0.841363	-0.146327777778	-1.02044945988
11.98	0.838349	-0.159925	-0.580868055556
12	0.834918	-0.168281944444	-0.240696373457
12.02	0.831453	-0.168283333333	0.0102546296296
12.04	0.828178	-0.166190277778	0.16893132716
12.06	0.824782	-0.161943055556	0.316047453704
12.08	0.82156	-0.151715277778	0.367752700617
12.1	0.818805	-0.145056944444	0.325767746914
12.12	0.815825	-0.140681944444	0.361543209877
12.14	0.81307	-0.132001388889	0.454378858025
12.16	0.810488	-0.1207625	0.485300925926
12.18	0.808322	-0.111990277778	0.486132330247
12.2	0.806001	-0.1030375	0.542094907407
12.22	0.80406	-0.0886736111111	0.531165123457
12.24	0.802605	-0.080175	0.45372492284
12.26	0.80089	-0.0733055555556	0.481203703704
12.28	0.799503	-0.0601402777778	0.481149691358
12.3	0.79862	-0.0523125	0.422554012346
12.32	0.797459	-0.0459666666667	0.471921296296
12.34	0.796627	-0.0338083333333	0.536494984568
12.36	0.796125	-0.0219902777778	0.505603780864
12.38	0.795865	-0.0145097222222	0.501975308642
12.4	0.795432	-0.00305972222222	0.540742669753
12.42	0.795726	0.00931388888889	0.492777777778
12.44	0.795952	0.0157138888889	0.472849151235
12.46	0.796194	0.0280013888889	0.45837191358
12.48	0.797164	0.0363138888889	0.358111496914
12.5	0.797771	0.0396333333333	0.367781635802
12.52	0.79855	0.0506097222222	0.396535493827
12.54	0.799885	0.0577791666667	0.347582947531
12.56	0.800941	0.0625208333333	0.382015817901
12.58	0.802276	0.0715736111111	0.468817515432
12.6	0.803731	0.0835527777778	0.464940200617
12.62	0.805724	0.0917055555556	0.390655864198
12.64	0.807456	0.0970916666667	0.389116512346
12.66	0.809466	0.107636111111	0.378499228395
12.68	0.811874	0.113755555556	0.315314429012
12.7	0.814075	0.117754166667	0.346417824074
12.72	0.816414	0.127951388889	0.361136188272
12.74	0.819273	0.135090277778	0.260615354938
12.76	0.821958	0.1363875	0.22984375
12.78	0.824557	0.143733333333	0.221892361111
12.8	0.827797	0.147536111111	0.123140432099
12.82	0.830569	0.1467	0.0784355709877
12.84	0.833463	0.152547222222	-0.0726774691358
12.86	0.836876	0.148572222222	-0.445991512346
12.88	0.839631	0.133244444444	-0.798119212963
12.9	0.842126	0.117430555556	-1.19983603395
12.92	0.844586	0.0879555555556	-1.69538580247
12.94	0.845886	0.0461041666667	-2.01597222222
12.96	0.846388	0.00366944444444	-2.1260783179
12.98	0.846093	-0.0414430555556	-2.04168209877
13	0.844707	-0.0830597222222	-1.679375
13.02	0.842542	-0.112375	-1.1335628858
13.04	0.839908	-0.126055555556	-0.677010030864
13.06	0.837482	-0.135483333333	-0.407251157407
13.08	0.834502	-0.1434125	-0.136114969136
13.1	0.831488	-0.139856944444	0.0682908950617
13.12	0.828975	-0.137622222222	0.134853395062
13.14	0.82603	-0.136315277778	0.254178240741
13.16	0.82331	-0.126502777778	0.326205632716
13.18	0.821092	-0.120993055556	0.309402006173
13.2	0.818528	-0.117070833333	0.39981095679
13.22	0.816189	-0.104543055556	0.462139274691
13.24	0.814421	-0.0950569444444	0.389002700617
13.26	0.812533	-0.0908388888889	0.390538194444
13.28	0.810679	-0.08235	0.503967978395
13.3	0.809102	-0.0684111111111	0.532420910494
13.32	0.808063	-0.0586416666667	0.461861496914
13.34	0.80685	-0.0527819444444	0.495418595679
13.36	0.805758	-0.0392597222222	0.54265625
13.38	0.805342	-0.0282319444444	0.468198302469
13.4	0.804701	-0.0206236111111	0.392293595679
13.42	0.804493	-0.0127027777778	0.336824845679
13.44	0.80432	-0.00950138888889	0.39416087963
13.46	0.803956	0.000631944444444	0.54794367284
13.48	0.804199	0.0165625	0.529130015432
13.5	0.80484	0.0239930555556	0.412341820988
13.52	0.805204	0.0292333333333	0.435412808642
13.54	0.80581	0.0418166666667	0.445445601852
13.56	0.806988	0.0497930555556	0.360943287037
13.58	0.807907	0.054025	0.371911651235
13.6	0.80905	0.06215	0.484382716049
13.62	0.81028	0.0752472222222	0.519126157407
13.64	0.812134	0.0855055555556	0.430821759259
13.66	0.813763	0.0924347222222	0.332347608025
13.68	0.815842	0.0981347222222	0.273121141975
13.7	0.817748	0.101575	0.303790509259
13.72	0.819827	0.108794444444	0.387258873457
13.74	0.821993	0.119765277778	0.344415509259
13.76	0.824713	0.126305555556	0.146570216049
13.78	0.827277	0.123036111111	0.0528838734568
13.8	0.829512	0.124130555556	0.132341820988
13.82	0.832077	0.131659722222	0.0650347222222
13.84	0.83497	0.1307625	-0.202822145062
13.86	0.837396	0.124068055556	-0.532050540124
13.88	0.840029	0.110347222222	-0.902648533951
13.9	0.842004	0.0866791666667	-1.20536458333
13.92	0.843529	0.0597333333333	-1.39512152778
13.94	0.844378	0.0313402777778	-1.5663908179
13.96	0.844933	-0.00339166666667	-1.66899305556
13.98	0.844326	-0.0411527777778	-1.49640625
14	0.842992	-0.0658333333333	-1.1747183642
14.02	0.841641	-0.0858583333333	-0.919469521605
14.04	0.839579	-0.104108333333	-0.61325617284
14.06	0.837205	-0.109956944444	-0.338641975309
14.08	0.835195	-0.114522222222	-0.198742283951
14.1	0.832683	-0.119743055556	-0.00790702160493
14.12	0.830153	-0.114276388889	0.139672067901
14.14	0.828161	-0.110373611111	0.135376157407
14.16	0.825874	-0.110763888889	0.205297067901
14.18	0.823587	-0.104993055556	0.37946566358
14.2	0.821525	-0.0929138888889	0.446232638889
14.22	0.819983	-0.0844416666667	0.393917824074
14.24	0.818233	-0.0795069444444	0.416948302469
14.26	0.816622	-0.0678194444444	0.440709876543
14.28	0.815599	-0.0593263888889	0.373788580247
14.3	0.814369	-0.0551527777778	0.401990740741
14.32	0.813243	-0.0450944444444	0.50518904321
14.34	0.812515	-0.0325513888889	0.512040895062
14.36	0.812048	-0.0239652777778	0.474756944444
14.38	0.811493	-0.0135791666667	0.423817515432
14.4	0.811545	-0.00554027777778	0.323804012346
14.42	0.811406	-0.00274027777778	0.323867669753
14.44	0.81132	0.00479583333333	0.437110339506
14.46	0.811493	0.0167541666667	0.477818287037
14.48	0.8121	0.0251944444444	0.45759066358
14.5	0.812498	0.0334861111111	0.479789737654
14.52	0.813312	0.0462222222222	0.426325231481
14.54	0.814525	0.0518583333333	0.323096064815
14.56	0.815426	0.0556819444444	0.354556327161
14.58	0.816552	0.0668958333333	0.357748842593
14.6	0.81825	0.0724569444444	0.268065200617
14.62	0.819532	0.074725	0.285430169753
14.64	0.82104	0.0842263888889	0.290711805556
14.66	0.823032	0.0887694444444	0.203773148148
14.68	0.824678	0.0896458333333	0.218977623457
14.7	0.826411	0.0982416666667	0.206759259259
14.72	0.828785	0.0998486111111	0.115798611111
14.74	0.830431	0.100272222222	0.108420138889
14.76	0.832614	0.106759722222	-0.0219020061728
14.78	0.834935	0.102527777778	-0.27830632716
14.8	0.836841	0.09265	-0.420976080247
14.82	0.838574	0.0837680555556	-0.494523533951
14.84	0.840133	0.0759680555556	-0.689236111111
14.86	0.841831	0.0583819444444	-0.976099537037
14.88	0.842611	0.0332777777778	-1.11313078704
14.9	0.843009	0.0128694444444	-1.17780864198
14.92	0.843269	-0.0132333333333	-1.22599729938
14.94	0.842524	-0.0404694444444	-1.07433834877
14.96	0.841398	-0.0569	-0.866957947531
14.98	0.840307	-0.0737527777778	-0.695237268519
15	0.838418	-0.0873791666667	-0.42390625
15.02	0.836547	-0.0893527777778	-0.217934027778
15.04	0.834918	-0.0928416666667	-0.150324074074
15.06	0.832891	-0.0974569444444	-0.0183545524691
15.08	0.830812	-0.0935375	0.0998341049383
15.1	0.829183	-0.0905736111111	0.108871527778
15.12	0.827295	-0.0906694444444	0.175864197531
15.14	0.825441	-0.0859388888889	0.331747685185
15.16	0.823708	-0.0748208333333	0.388975694444
15.18	0.822599	-0.0686972222222	0.370015432099
15.2	0.820971	-0.0629458333333	0.447255015432
15.22	0.819862	-0.0488569444444	0.438767361111
15.24	0.819203	-0.0423791666667	0.314203317901
15.26	0.818268	-0.0398027777778	0.33147183642
15.28	0.817436	-0.0306916666667	0.42040316358
15.3	0.817037	-0.0207208333333	0.425088734568
15.32	0.816691	-0.0138819444444	0.425227623457
15.34	0.816379	-0.00339583333333	0.410275848765
15.36	0.816656	0.00317638888889	0.376508487654
15.38	0.816535	0.00883194444445	0.456292438272
15.4	0.816812	0.0225236111111	0.483007330247
15.42	0.817557	0.0310986111111	0.380351080247
15.44	0.818112	0.0370402777778	0.297617669753
15.46	0.81903	0.0423777777778	0.249403935185
15.48	0.819862	0.0457416666667	0.268960262346
15.5	0.820797	0.05195	0.333117283951
15.52	0.821854	0.0612277777778	0.306722608025
15.54	0.823362	0.0660375	0.203090277778
15.56	0.824592	0.0665305555556	0.205927854938
15.58	0.825839	0.0740638888889	0.217932098765
15.6	0.827641	0.0779	0.12309992284
15.62	0.829045	0.0779638888889	0.0611670524691
15.64	0.83069	0.0800347222222	0.00398533950614
15.66	0.832302	0.0790569444444	-0.084168595679
15.68	0.833896	0.0763791666667	-0.162930169753
15.7	0.835386	0.0716583333333	-0.218732638889
15.72	0.836685	0.0691152777778	-0.338038194444
15.74	0.838297	0.06	-0.539234182099
15.76	0.839198	0.0450930555556	-0.647756558642
15.78	0.83996	0.0344527777778	-0.757717978395
15.8	0.840757	0.0159472222222	-0.886666666667
15.82	0.84067	-0.00529722222222	-0.820256558642
15.84	0.840341	-0.0182375	-0.675142746914
15.86	0.83996	-0.0306583333333	-0.582098765432
15.88	0.839128	-0.0424958333333	-0.462008101852
15.9	0.838106	-0.0480708333333	-0.391606867284
15.92	0.837292	-0.0565180555556	-0.377716049383
15.94	0.835906	-0.0663888888889	-0.230885416667
15.96	0.834416	-0.0668027777778	-0.0394193672839
15.98	0.833203	-0.0648305555556	0.024893904321
16	0.831921	-0.0658916666667	0.0751446759259
16.02	0.830448	-0.0623569444444	0.139494598765
16.04	0.829443	-0.0588902777778	0.150862268519
16.06	0.828178	-0.0582847222222	0.233703703704
16.08	0.826896	-0.0490166666667	0.287550154321
16.1	0.826307	-0.0434847222222	0.215673225309
16.12	0.825302	-0.0431041666667	0.258429783951
16.14	0.824418	-0.0358791666667	0.407646604938
16.16	0.82376	-0.0240347222222	0.44137345679
16.18	0.823552	-0.0156111111111	0.35190779321
16.2	0.823206	-0.0107569444444	0.279070216049
16.22	0.823084	-0.00515	0.243881172839
16.24	0.82305	-0.00141805555556	0.240198688272
16.26	0.823015	0.00305138888889	0.294681712963
16.28	0.823067	0.0115222222222	0.305381944444
16.3	0.823569	0.0166819444444	0.260293209877
16.32	0.823795	0.0194555555556	0.306668595679
16.34	0.824159	0.0294291666667	0.334394290123
16.36	0.825077	0.0354597222222	0.257858796296
16.38	0.825683	0.0373152777778	0.267681327161
16.4	0.826376	0.0463486111111	0.26284529321
16.42	0.827641	0.0506861111111	0.151568287037
16.44	0.828525	0.0504152777778	0.12362654321
16.46	0.829564	0.0534736111111	0.179523533951
16.48	0.830587	0.0595138888889	0.159176311728
16.5	0.832042	0.0617430555556	0.0481847993827
16.52	0.833116	0.0605472222222	-0.0396585648148
16.54	0.834416	0.0604722222222	-0.136433256173
16.56	0.835663	0.0548125	-0.218778935185
16.58	0.836564	0.0504611111111	-0.255989583333
16.6	0.837638	0.0467402777778	-0.378072916667
16.62	0.838609	0.0357430555556	-0.511168981482
16.64	0.839094	0.0230722222222	-0.517067901235
16.66	0.839371	0.0159430555556	-0.545007716049
16.68	0.839873	0.0033375	-0.638607253086
16.7	0.839613	-0.0134194444444	-0.574307484568
16.72	0.839094	-0.0205652777778	-0.463317901235
16.74	0.838834	-0.0288791666667	-0.462600308642
16.76	0.838054	-0.0408375	-0.394558256173
16.78	0.837032	-0.0459833333333	-0.278690200617
16.8	0.836183	-0.0495930555556	-0.245104166667
16.82	0.835161	-0.0564805555556	-0.176523919753
16.84	0.833844	-0.0596180555556	0.00981674382715
16.86	0.832596	-0.0545375	0.130507330247
16.88	0.831747	-0.0520472222222	0.138236882716
16.9	0.8305	-0.0490402777778	0.12833912037
16.92	0.829772	-0.0460861111111	0.0912692901235
16.94	0.828767	-0.0470208333333	0.137183641975
16.96	0.827797	-0.0434138888889	0.296016589506
16.98	0.826861	-0.0328986111111	0.360144675926
17	0.826584	-0.02575	0.282584876543
17.02	0.82596	-0.0240166666667	0.284118441358
17.04	0.825423	-0.0147694444444	0.29915316358
17.06	0.825458	-0.00943055555556	0.223742283951
17.08	0.825163	-0.00807777777778	0.244313271605
17.1	0.825008	-0.0018	0.345271990741
17.12	0.82499	0.00846944444445	0.341265432099
17.14	0.825493	0.0134972222222	0.263580246914
17.16	0.825579	0.0161180555556	0.287258873457
17.18	0.825943	0.0260180555556	0.269469521605
17.2	0.826775	0.0294083333333	0.160192901235
17.22	0.827208	0.0295222222222	0.168269675926
17.24	0.827814	0.0348	0.231599151235
17.26	0.828577	0.0412527777778	0.201109182099
17.28	0.829582	0.0430430555556	0.155802469136
17.3	0.830257	0.0462902777778	0.148508873457
17.32	0.831418	0.0497152777778	0.103173225309
17.34	0.832267	0.0516166666667	0.00833333333336
17.36	0.833549	0.0505847222222	-0.111622299383
17.38	0.834381	0.044975	-0.144079861111
17.4	0.835195	0.0451638888889	-0.18430941358
17.42	0.836321	0.0393513888889	-0.286228780864
17.44	0.836824	0.0315611111111	-0.299598765432
17.46	0.8375	0.0265972222222	-0.289110725309
17.48	0.837864	0.0220583333333	-0.357370756173
17.5	0.838487	0.0133680555556	-0.469409722222
17.52	0.838487	0.000479166666666	-0.46958912037
17.54	0.838331	-0.00564722222222	-0.450030864198
17.56	0.838349	-0.0154680555556	-0.494523533951
17.58	0.837794	-0.0277902777778	-0.430395447531
17.6	0.837119	-0.0349638888889	-0.26850308642
17.62	0.836287	-0.0370722222222	-0.155426311728
17.64	0.83568	-0.0396680555556	-0.109126157407
17.66	0.834727	-0.0428319444444	-0.0280516975309
17.68	0.833809	-0.0399125	0.00914351851849
17.7	0.833203	-0.0396777777778	-0.0617476851852
17.72	0.832371	-0.0451444444444	-0.0200752314815
17.74	0.831193	-0.0424472222222	0.110383873457
17.76	0.830656	-0.0381930555556	0.146905864198
17.78	0.829772	-0.0375194444444	0.211180555556
17.8	0.828975	-0.0294736111111	0.248950617284
17.82	0.828681	-0.0252680555556	0.191558641975
17.84	0.828022	-0.0231069444444	0.187276234568
17.86	0.827693	-0.0187236111111	0.227092978395
17.88	0.827277	-0.0139583333333	0.27225308642
17.9	0.827121	-0.00812638888889	0.316983024691
17.92	0.826879	0.000270833333332	0.285677083333
17.94	0.827208	0.00524583333333	0.174826388889
17.96	0.827208	0.00515	0.156138117284
17.98	0.827312	0.00928888888889	0.231111111111
18	0.82752	0.0157583333333	0.251288580247
18.02	0.82797	0.0214430555556	0.175165895062
18.04	0.828473	0.0226041666667	0.0904610339506
18.06	0.828837	0.0244236111111	0.0370351080247
18.08	0.829495	0.0242527777778	-0.00831018518517
18.1	0.829859	0.0221125	0.0339506172839
18.12	0.83024	0.0255777777778	0.0810976080247
18.14	0.830933	0.0273388888889	0.044949845679
18.16	0.831401	0.0263777777778	0.0347048611111
18.18	0.831869	0.0294013888889	-0.00397376543208
18.2	0.8327	0.02755	-0.0897762345679
18.22	0.833047	0.0226208333333	-0.053180941358
18.24	0.833376	0.0263208333333	-0.0557677469136
18.26	0.834242	0.0238958333333	-0.189604552469
18.28	0.834485	0.0156666666667	-0.197440200617
18.3	0.83471	0.0134236111111	-0.104290123457
18.32	0.834935	0.0145138888889	-0.124018132716
18.34	0.835438	0.0101347222222	-0.211199845679
18.36	0.835403	0.00289027777778	-0.172791280864
18.38	0.835386	0.00253194444444	-0.102961033951
18.4	0.835542	0.000890277777778	-0.124648919753
18.42	0.835438	-0.00169027777778	-0.185042438272
18.44	0.835507	-0.00614305555556	-0.251431327161
18.46	0.835299	-0.0145125	-0.192415123457
18.48	0.834762	-0.0159069444444	-0.0467052469136
18.5	0.834554	-0.0127069444444	-0.0462808641975
18.52	0.83445	-0.0167236111111	-0.0936149691358
18.54	0.833861	-0.0198263888889	-0.0168576388889
18.56	0.83348	-0.0161736111111	0.0159567901235
18.58	0.833341	-0.0170402777778	-0.03234375
18.6	0.832856	-0.0199944444444	0.011612654321
18.62	0.832371	-0.0164805555556	0.0505343364197
18.64	0.832267	-0.0156611111111	0.005675154321
18.66	0.831834	-0.0180402777778	0.0372280092593
18.68	0.831436	-0.0157888888889	0.134488811728
18.7	0.831158	-0.0115333333333	0.189841820988
18.72	0.830985	-0.00688194444444	0.182349537037
18.74	0.830933	-0.00454861111111	0.169612268519
18.76	0.830725	0.0003875	0.138261959877
18.78	0.831037	0.00185972222222	0.077025462963
18.8	0.830864	0.000727777777777	0.124058641975
18.82	0.830864	0.00751111111111	0.141649305556
18.84	0.83128	0.00933472222222	0.0490277777778
18.86	0.831349	0.00706944444444	0.0591454475308
18.88	0.831453	0.00928333333333	0.163155864198
18.9	0.831626	0.0154680555556	0.182150848765
18.92	0.832111	0.0199041666667	0.0477237654321
18.94	0.832562	0.0176875	-0.106902006173
18.96	0.832856	0.0130416666667	-0.136911651235
18.98	0.833047	0.0101805555556	-0.0592091049383
19	0.83322	0.00993888888889	0.0457002314815
19.02	0.833324	0.01435	0.0408796296296
19.04	0.833879	0.0152111111111	-0.119832175926
19.06	0.834156	0.00655833333333	-0.16231867284
19.08	0.83393	0.00589166666667	-0.0759278549383
19.1	0.834381	0.00616805555556	-0.0830767746914
19.12	0.834312	0.00149027777778	-0.0557966820988
19.14	0.834242	0.00435694444445	-0.0525829475309
19.16	0.834624	0.0016125	-0.131757330247
19.18	0.834398	-0.00447777777778	-0.0647608024691
19.2	0.834208	-0.00113055555556	0.00990547839508
19.22	0.83445	-0.00132222222222	-0.0264467592593
19.24	0.834208	-0.0034125	-0.0254436728395
19.26	0.834208	-0.00183611111111	-0.0489332561728
19.28	0.834242	-0.00481666666667	-0.079793595679
19.3	0.834017	-0.00711388888889	-0.0222125771605
19.32	0.833879	-0.00635	0.055050154321
19.34	0.833688	-0.00246111111111	0.0316049382716
19.36	0.833913	-0.00373055555556	-0.0562770061728
19.38	0.833584	-0.00733333333333	-0.0445524691358
19.4	0.833463	-0.00497777777778	-0.0460165895062
19.42	0.833515	-0.0079	-0.0817650462963
19.44	0.833168	-0.0108861111111	-0.00550347222225
19.46	0.83296	-0.00902638888889	0.105216049383
19.48	0.832752	-0.00434722222222	0.116396604938
19.5	0.832874	-0.00305	0.0540817901235
19.52	0.832631	-0.00262222222222	0.00241705246912
19.54	0.83277	-0.00267361111111	-0.0420466820988
19.56	0.832631	-0.00653055555556	0.0216994598765
19.58	0.832371	-0.00412361111111	0.17659529321
19.6	0.832336	0.003775	0.182959104938
19.62	0.832648	0.00643194444444	0.0365316358025
19.64	0.832683	0.00445972222222	-0.0862172067901
19.66	0.832839	0.00108611111111	-0.108958333333
19.68	0.832735	-0.00201944444444	-0.0215489969136
19.7	0.832666	-0.000704166666667	0.100835262346
19.72	0.832596	0.00504583333333	0.0913483796296
19.74	0.833012	0.00527083333333	-0.024162808642
19.76	0.832908	0.000919444444445	-0.0247820216049
19.78	0.832839	0.00426527777778	-0.0159239969136
19.8	0.833203	0.0028125	-0.0940682870371
19.82	0.833064	-0.00279722222222	-0.040518904321
19.84	0.832856	0.000747222222222	0.0302160493827
19.86	0.833168	0.00162083333333	-0.0260011574074
19.88	0.83303	-0.00173333333333	-0.032393904321
19.9	0.83296	-0.000104166666667	-0.0175212191358
19.92	0.833116	-0.0016625	-0.0227642746914
19.94	0.832908	-0.00336666666667	0.0607523148148
19.96	0.832787	0.00245694444444	0.071981095679
19.98	0.833168	0.00202222222222	-0.0190200617284
20	0.832943	-0.00144583333333	0.00738233024691
20.02	0.832908	0.00257222222222	0.0268479938272
20.04	0.833168	0.00195138888889	-0.0384799382716
20.06	0.833064	-0.00148472222222	-0.0118074845679
20.08	0.832926	0.00173333333333	0.000657793209894
20.1	0.83322	0.00129166666667	-0.0833082561728
20.12	0.833116	-0.00414305555555	-0.0597839506173
20.14	0.832908	-0.00365833333333	0.0613831018519
20.16	0.832856	0.00137777777778	0.0540451388889
20.18	0.833099	0.0010875	-0.0664803240741
20.2	0.832995	-0.00314583333333	-0.124390432099
20.22	0.832856	-0.0055	-0.132854938272
