Time	Position	Velocity	Acceleration
0.02	0.245177	0.385869444444	0.388968364198
0.04	0.252751	0.393976388889	0.371196566358
0.06	0.260862	0.401418333333	0.344011574074
0.08	0.268869	0.406288888889	0.373777391975
0.1	0.276997	0.416298611111	0.417680169753
0.12	0.285593	0.423859722222	0.434550154321
0.14	0.293964	0.431416666667	0.540393518519
0.16	0.302664	0.446573611111	0.603647762346
0.18	0.311953	0.457377777778	0.594023919753
0.2	0.320982	0.467709722222	0.679672067901
0.22	0.330462	0.485725	0.721379243827
0.24	0.340549	0.498406944444	0.710405092593
0.26	0.350479	0.510155555556	0.825511188272
0.28	0.360705	0.531358333333	0.837357253086
0.3	0.371484	0.558048611111	0.21103587963
0.32	0.383824	0.548544444444	-0.720119598765
0.34	0.39417	0.507172222222	-0.641774691358
0.36	0.4032	0.504627777778	0.286568287037
0.38	0.413772	0.529748611111	0.799211033951
0.4	0.424621	0.549430555556	0.726421682099
0.42	0.436007	0.558531944444	0.573875385802
0.44	0.446943	0.566672222222	0.63068287037
0.46	0.458416	0.5850125	0.655680941358
0.48	0.470513	0.596851388889	0.523940972222
0.5	0.482419	0.603252777778	0.488159722222
0.52	0.494464	0.615745833333	0.483472222222
0.54	0.50715	0.624386111111	0.424211033951
0.56	0.519524	0.629976388889	0.473566743827
0.58	0.532141	0.6435375	0.513489583333
0.6	0.545365	0.653354166667	0.441498842593
0.62	0.55838	0.659033333333	0.449261188272
0.64	0.571552	0.671116666667	0.470235339506
0.66	0.58533	0.679381944444	0.439330632716
0.68	0.598778	0.686048611111	0.503954475309
0.7	0.612556	0.700886111111	0.50168595679
0.72	0.626958	0.709726388889	0.345351080247
0.74	0.641083	0.712513888889	0.261182484568
0.76	0.655311	0.719834722222	0.191832561728
0.78	0.669991	0.722026388889	0.0688136574074
0.8	0.684306	0.719704166667	0.0740972222222
0.82	0.698621	0.723459722222	0.151896219136
0.84	0.713248	0.727609722222	0.16293595679
0.86	0.727789	0.729638888889	0.174375
0.88	0.74233	0.7352125	0.153836805556
0.9	0.757286	0.737202777778	0.0849922839506
0.92	0.771913	0.7356	0.13762345679
0.94	0.786506	0.742176388889	0.166716820988
0.96	0.801636	0.747704166667	-0.229151234568
0.98	0.816523	0.746490277778	-1.7516878858
1	0.831479	0.718448611111	-5.60541473765
1.02	0.846782	0.584843055556	-12.0748688272
1.04	0.859971	0.209684722222	-16.7590625
1.06	0.856453	-0.224838888889	-14.5884664352
1.08	0.846505	-0.453338888889	-8.15961033951
1.1	0.835379	-0.517534722222	-2.80229359568
1.12	0.824998	-0.510901388889	-0.172912808642
1.14	0.814963	-0.494055555556	0.528246527778
1.16	0.805379	-0.482254166667	0.545773533951
1.18	0.795726	-0.473902777778	0.511925154321
1.2	0.786315	-0.461722222222	0.459957561728
1.22	0.777338	-0.453490277778	0.322800925926
1.24	0.768239	-0.448798611111	0.191402391975
1.26	0.759435	-0.446965277778	0.137515432099
1.28	0.750423	-0.4469625	0.271105324074
1.3	0.741394	-0.439097222222	0.542283950617
1.32	0.732676	-0.422415277778	0.688962191358
1.34	0.724583	-0.408256944444	0.670536265432
1.36	0.716368	-0.395404166667	0.615511188272
1.38	0.70876	-0.38315	0.543728780864
1.4	0.701152	-0.375118055556	0.54546875
1.42	0.693682	-0.363783333333	0.64324845679
1.44	0.686455	-0.346926388889	0.636599151235
1.46	0.679939	-0.335252777778	0.497476851852
1.48	0.67318	-0.329681944444	0.454334490741
1.5	0.666576	-0.317881944444	0.455520833333
1.52	0.660563	-0.309838888889	0.410187114198
1.54	0.654254	-0.3042625	0.481689814815
1.56	0.648188	-0.290509722222	0.556386959877
1.58	0.642729	-0.280009722222	0.559145447531
1.6	0.637027	-0.270444444444	0.651425540123
1.62	0.631742	-0.253741666667	0.724795524691
1.64	0.626941	-0.239404166667	0.700844907407
1.66	0.622158	-0.224965277778	0.628456790123
1.68	0.617981	-0.213152777778	0.510949074074
1.7	0.613752	-0.206263888889	0.475837191358
1.72	0.609662	-0.196651388889	0.545030864198
1.74	0.605763	-0.182429166667	0.537297453704
1.76	0.602487	-0.172922222222	0.444918981481
1.78	0.598952	-0.167747222222	0.482293595679
1.8	0.595607	-0.155411111111	0.595835262346
1.82	0.592712	-0.141780555556	0.618640046296
1.84	0.589957	-0.128945833333	0.561811342593
1.86	0.587617	-0.119056944444	0.493072916667
1.88	0.58526	-0.111759722222	0.532507716049
1.9	0.583007	-0.0987097222222	0.611367669753
1.92	0.581274	-0.0842861111111	0.57209683642
1.94	0.579784	-0.0754791666667	0.521089891975
1.96	0.578259	-0.0667569444444	0.599631558642
1.98	0.576941	-0.0512305555556	0.670636574074
2	0.576248	-0.036775	0.614199459877
2.02	0.575607	-0.0277458333333	0.588252314815
2.04	0.575018	-0.0144652777778	0.606757330247
2.06	0.575035	-0.00149305555556	0.548163580247
2.08	0.57507	0.00678472222222	0.516749614198
2.1	0.575208	0.0186805555556	0.512606095679
2.12	0.575902	0.0273736111111	0.513989197531
2.14	0.576283	0.0372347222222	0.592586805556
2.16	0.577236	0.0531277777778	0.583049768519
2.18	0.578571	0.0625625	0.488537808642
2.2	0.579784	0.0700138888889	0.490260416667
2.22	0.581222	0.0826055555556	0.47912037037
2.24	0.583198	0.0910333333333	0.404114583333
2.26	0.584948	0.0961180555556	0.432683256173
2.28	0.586855	0.108252777778	0.47106095679
2.3	0.589368	0.117195833333	0.429793595679
2.32	0.591638	0.1228	0.48802662037
2.34	0.594064	0.136769444444	0.53821566358
2.36	0.597184	0.147605555556	0.46618441358
2.38	0.600113	0.153276388889	0.482133487654
2.4	0.60318	0.164276388889	0.597665895062
2.42	0.606577	0.179856944444	0.597804783951
2.44	0.610494	0.190636111111	0.475844907407
2.46	0.614237	0.198772222222	0.346105324074
2.48	0.618483	0.2043	0.245364583333
2.5	0.622522	0.205576388889	0.294174382716
2.52	0.62656	0.213338888889	0.461630015432
2.54	0.63091	0.227173611111	0.505983796296
2.56	0.635797	0.2358875	0.448746141975
2.58	0.640407	0.242008333333	0.499068287037
2.6	0.64526	0.256375	0.529980709877
2.62	0.650788	0.266052777778	0.451174768519
2.64	0.656005	0.271643055556	0.478020833333
2.66	0.661447	0.285093055556	0.511915509259
2.68	0.66753	0.294066666667	0.473532021605
2.7	0.673249	0.301745833333	0.516680169753
2.72	0.679419	0.3160625	0.503036265432
2.74	0.686056	0.3238625	0.416172839506
2.76	0.692434	0.329381944444	0.461246141975
2.78	0.699037	0.342283333333	0.513063271605
2.8	0.706212	0.352223611111	0.476676311728
2.82	0.713196	0.359572222222	0.500092592593
2.84	0.720441	0.372763888889	0.489770447531
2.86	0.728205	0.381323611111	0.397347608025
2.88	0.735761	0.387465277778	0.359581404321
2.9	0.743699	0.393430555556	0.418136574074
2.92	0.751376	0.404426388889	0.481734182099
2.94	0.75992	0.414520833333	0.46994212963
2.96	0.768031	0.421580555556	0.510252700617
2.98	0.776593	0.436013888889	0.503518518519
3	0.785639	0.443686111111	0.420244984568
3.02	0.794391	0.449595833333	0.4565625
3.04	0.803421	0.462784722222	0.443499228395
3.06	0.813022	0.471247222222	0.217785493827
3.08	0.822415	0.472718055556	-0.240040509259
3.1	0.831791	0.473375	-1.49923225309
3.12	0.841791	0.439754166667	-4.18459104938
3.14	0.850717	0.326708333333	-7.76132523148
3.16	0.856782	0.113629166667	-10.3026813272
3.18	0.85621	-0.144391666667	-9.75024112654
3.2	0.849469	-0.327011111111	-6.51517746914
3.22	0.841133	-0.404359722222	-3.05534722222
3.24	0.832398	-0.421452777778	-0.897482638889
3.26	0.824114	-0.419261111111	0.0326331018519
3.28	0.81557	-0.4116375	0.333638117284
3.3	0.807632	-0.4025875	0.372166280864
3.32	0.799556	-0.397169444444	0.381624228395
3.34	0.791618	-0.387052777778	0.372548225309
3.36	0.784149	-0.380330555556	0.30337962963
3.38	0.776541	-0.378225	0.382748842593
3.4	0.768828	-0.368040277778	0.588209876543
3.42	0.761671	-0.350991666667	0.642484567901
3.44	0.754964	-0.340386111111	0.59762345679
3.46	0.748014	-0.328475	0.59081404321
3.48	0.741792	-0.315879166667	0.555507330247
3.5	0.735484	-0.307069444444	0.563119212963
3.52	0.729435	-0.294983333333	0.626786265432
3.54	0.723595	-0.279884722222	0.601020447531
3.56	0.718344	-0.268773611111	0.486039737654
3.58	0.712971	-0.263168055556	0.472922453704
3.6	0.707633	-0.250736111111	0.50040316358
3.62	0.702989	-0.2403125	0.426772762346
3.64	0.698171	-0.235533333333	0.431508487654
3.66	0.693422	-0.225015277778	0.512795138889
3.68	0.689124	-0.212780555556	0.513765432099
3.7	0.685017	-0.204023611111	0.499569830247
3.72	0.680961	-0.195165277778	0.572964891975
3.74	0.677062	-0.180430555556	0.623097993827
3.76	0.673821	-0.168134722222	0.585023148148
3.78	0.670407	-0.158755555556	0.601124614198
3.8	0.667304	-0.143229166667	0.579369212963
3.82	0.664826	-0.133690277778	0.484592978395
3.84	0.662018	-0.126726388889	0.502328317901
3.86	0.659575	-0.113097222222	0.507548225309
3.88	0.657634	-0.104727777778	0.456338734568
3.9	0.655433	-0.0979208333333	0.524855324074
3.92	0.653509	-0.0830902777778	0.568292824074
3.94	0.652227	-0.0726222222222	0.514436728395
3.96	0.650684	-0.0649930555556	0.553458719136
3.98	0.649454	-0.0508180555556	0.605304783951
4	0.648708	-0.0385166666667	0.56931712963
4.02	0.647998	-0.0293888888889	0.574797453704
4.04	0.647391	-0.0152583333333	0.564481095679
4.06	0.647478	-0.00478055555556	0.476518132716
4.08	0.647305	0.00142361111111	0.479963348765
4.1	0.647357	0.0143125	0.485628858025
4.12	0.647963	0.0233347222222	0.402837577161
4.14	0.648396	0.0285680555556	0.402019675926
4.16	0.64902	0.0371486111111	0.49227816358
4.18	0.649783	0.0497875	0.527920524691
4.2	0.651083	0.0601277777778	0.486506558642
4.22	0.652261	0.0673986111111	0.514170524691
4.24	0.653648	0.0801333333333	0.562420910494
4.26	0.655502	0.0913986111111	0.545028935185
4.28	0.657305	0.102468055556	0.504006558642
4.3	0.659644	0.111709722222	0.456232638889
4.32	0.661828	0.118602777778	0.493775077161
4.34	0.66422	0.132075	0.51069058642
4.36	0.667218	0.141379166667	0.436012731481
4.38	0.669973	0.146895833333	0.460144675926
4.4	0.672902	0.159619444444	0.489805169753
4.42	0.676438	0.169201388889	0.416394675926
4.44	0.679783	0.174365277778	0.418018904321
4.46	0.683266	0.185026388889	0.460702160494
4.48	0.687235	0.194079166667	0.458153935185
4.5	0.691065	0.202065277778	0.495962577161
4.52	0.695172	0.215308333333	0.471641589506
4.54	0.699817	0.222893055556	0.374396219136
4.56	0.704184	0.226795833333	0.415491898148
4.58	0.708673	0.239008333333	0.475530478395
4.6	0.713786	0.249427777778	0.398391203704
4.62	0.718812	0.253823611111	0.363601466049
4.64	0.723855	0.261211111111	0.431876929012
4.66	0.729141	0.273151388889	0.420308641975
4.68	0.734912	0.280109722222	0.318020833333
4.7	0.740406	0.283963888889	0.283576388889
4.72	0.74616	0.291541666667	0.259083719136
4.74	0.752191	0.294494444444	0.245725308642
4.76	0.757927	0.298469444444	0.349537037037
4.78	0.763941	0.3098375	0.400979938272
4.8	0.77044	0.317061111111	0.352716049383
4.82	0.776714	0.320984722222	0.411846064815
4.84	0.783057	0.333451388889	0.470896990741
4.86	0.790128	0.343179166667	0.394870756173
4.88	0.796922	0.347461111111	0.376670524691
4.9	0.803854	0.357933333333	0.361701388889
4.92	0.811324	0.364434722222	0.248668981482
4.94	0.818551	0.36645	0.15977816358
4.96	0.825882	0.371301388889	-0.0598977623457
4.98	0.833368	0.37405	-0.893825231482
5	0.841202	0.352351388889	-2.67058256173
5.02	0.848204	0.282656944444	-5.18548996914
5.04	0.853801	0.142809722222	-7.41668981482
5.06	0.854963	-0.0483569444444	-7.80360725309
5.08	0.851219	-0.209155555556	-6.0777970679
5.1	0.845309	-0.302320833333	-3.60677854938
5.12	0.838308	-0.343625	-1.54354938272
5.14	0.830977	-0.348377777778	-0.336244212963
5.16	0.824287	-0.343783333333	0.104278549383
5.18	0.817337	-0.341316666667	0.279319058642
5.2	0.810492	-0.332838888889	0.394936342593
5.22	0.803993	-0.323148611111	0.40375
5.24	0.797667	-0.316702777778	0.409222608025
5.26	0.791289	-0.308777777778	0.48443287037
5.28	0.785189	-0.295925	0.50549382716
5.3	0.779556	-0.286755555556	0.455125385802
5.32	0.773785	-0.280226388889	0.500200617284
5.34	0.76817	-0.266822222222	0.55534529321
5.36	0.763196	-0.256166666667	0.542513503086
5.38	0.757979	-0.247308333333	0.606356095679
5.4	0.753109	-0.230955555556	0.622048611111
5.42	0.748863	-0.219583333333	0.521041666667
5.44	0.744427	-0.212266666667	0.496807484568
5.46	0.740233	-0.200172222222	0.488530092593
5.48	0.736472	-0.190625	0.414344135802
5.5	0.732728	-0.185298611111	0.420854552469
5.52	0.728985	-0.176843055556	0.550958719136
5.54	0.725484	-0.161388888889	0.612191358025
5.56	0.722642	-0.149638888889	0.559411651235
5.58	0.719592	-0.141627777778	0.595632716049
5.6	0.716767	-0.125697222222	0.626803626543
5.62	0.71467	-0.113809722222	0.555636574074
5.64	0.71233	-0.1062	0.58862654321
5.66	0.710216	-0.0907694444444	0.63865162037
5.68	0.70876	-0.0776305555556	0.569197530864
5.7	0.707235	-0.0693791666667	0.545841049383
5.72	0.705848	-0.0562847222222	0.539400077161
5.74	0.705051	-0.0462458333333	0.486701388889
5.76	0.70408	-0.0388777777778	0.527382330247
5.78	0.703387	-0.0268597222222	0.631201774691
5.8	0.702919	-0.0114263888889	0.641994598765
5.82	0.703006	0.00128611111111	0.54321566358
5.84	0.703093	0.00852222222222	0.50493441358
5.86	0.703214	0.0204777777778	0.515256558642
5.88	0.703959	0.0306875	0.475283564815
5.9	0.704531	0.0376263888889	0.507357253086
5.92	0.705294	0.05105	0.532417052469
5.94	0.706645	0.0615694444444	0.452615740741
5.96	0.707876	0.0672819444444	0.44574845679
5.98	0.709193	0.0785472222222	0.470597993827
6	0.711065	0.0877208333333	0.431302083333
6.02	0.712729	0.0957527777778	0.394502314815
6.04	0.714895	0.103380555556	0.372322530864
6.06	0.716923	0.108961111111	0.436041666667
6.08	0.719158	0.119144444444	0.572945601852
6.1	0.721602	0.133473611111	0.633331404321
6.12	0.724531	0.146633333333	0.581657021605
6.14	0.727494	0.157902777778	0.467478780864
6.16	0.730926	0.165154166667	0.372447916667
6.18	0.734167	0.1698625	0.415127314815
6.2	0.737598	0.179875	0.539199459877
6.22	0.741255	0.194273611111	0.549201388889
6.24	0.745501	0.203925	0.465108024691
6.26	0.749487	0.210113888889	0.478757716049
6.28	0.753716	0.223375	0.486911651235
6.3	0.758551	0.231677777778	0.421215277778
6.32	0.763057	0.237318055556	0.467355324074
6.34	0.767841	0.250595833333	0.503763503086
6.36	0.773178	0.260266666667	0.431641589506
6.38	0.77836	0.265672222222	0.439716435185
6.4	0.783629	0.277563888889	0.461739969136
6.42	0.789556	0.286034722222	0.413084490741
6.44	0.795137	0.291922222222	0.442517361111
6.46	0.801046	0.304819444444	0.422554012346
6.48	0.807493	0.311020833333	0.311213348765
6.5	0.813542	0.314851388889	0.277280092593
6.52	0.819937	0.323465277778	0.159641203704
6.54	0.826627	0.325191666667	-0.17669367284
6.56	0.833091	0.318447222222	-0.727712191358
6.58	0.839382	0.304419444444	-1.79334876543
6.6	0.845725	0.260259722222	-3.52366512346
6.62	0.850665	0.167465277778	-5.35977623457
6.64	0.853299	0.0291208333333	-6.25742091049
6.66	0.851843	-0.111280555556	-5.62163773148
6.68	0.848117	-0.213241666667	-3.96788001543
6.7	0.842571	-0.271706944444	-2.14421682099
6.72	0.836523	-0.288540277778	-0.832808641975
6.74	0.830907	-0.2925875	-0.19525462963
6.76	0.824824	-0.293106944444	0.157966820988
6.78	0.818949	-0.283381944444	0.312214506173
6.8	0.813611	-0.2777	0.320734953704
6.82	0.807892	-0.273341666667	0.420972222222
6.84	0.80245	-0.260145833333	0.486739969136
6.86	0.797598	-0.250904166667	0.43772183642
6.88	0.79252	-0.245427777778	0.491099537037
6.9	0.787563	-0.231683333333	0.561182484568
6.92	0.783317	-0.219977777778	0.516194058642
6.94	0.778898	-0.213241666667	0.546338734568
6.96	0.774565	-0.198131944444	0.56668595679
6.98	0.771064	-0.187106944444	0.458348765432
7	0.767251	-0.182405555556	0.461172839506
7.02	0.763612	-0.171598611111	0.581010802469
7.04	0.760284	-0.156433333333	0.590981867284
7.06	0.757477	-0.145868055556	0.501610725309
7.08	0.754478	-0.137270833333	0.437793209877
7.1	0.751966	-0.128579166667	0.401120756173
7.12	0.749418	-0.122766666667	0.450362654321
7.14	0.746974	-0.1129875	0.604592978395
7.16	0.744756	-0.0968055555556	0.679060570988
7.18	0.743179	-0.0833277777778	0.630300925926
7.2	0.741446	-0.0713680555556	0.553688271605
7.22	0.740337	-0.0607888888889	0.468236882716
7.24	0.739123	-0.0544833333333	0.472667824074
7.26	0.738066	-0.0441486111111	0.567390046296
7.28	0.737234	-0.029175	0.552700617284
7.3	0.737026	-0.0193486111111	0.431055169753
7.32	0.736593	-0.0149430555556	0.431950231482
7.34	0.736281	-0.00466527777778	0.540866126543
7.36	0.736316	0.00933888888889	0.547000385802
7.38	0.736766	0.0191638888889	0.471448688272
7.4	0.737148	0.0261736111111	0.472926311728
7.42	0.73772	0.0366791666667	0.53943287037
7.44	0.738586	0.0489541666667	0.561398533951
7.46	0.73973	0.0593583333333	0.561018518519
7.48	0.740891	0.0721222222222	0.520557484568
7.5	0.742694	0.0814125	0.427679398148
7.52	0.744219	0.0873944444444	0.411267361111
7.54	0.746073	0.0976722222222	0.416948302469
7.56	0.748222	0.104491666667	0.418933256173
7.58	0.75025	0.112025	0.510385802469
7.6	0.75252	0.1266125	0.522490354938
7.62	0.755432	0.136215277778	0.406593364198
7.64	0.758118	0.140155555556	0.402382330247
7.66	0.760908	0.149161111111	0.524108796296
7.68	0.763941	0.163943055556	0.538636188272
7.7	0.767615	0.173236111111	0.448541666667
7.72	0.77096	0.178820833333	0.470540123457
7.74	0.774582	0.1913625	0.523389274691
7.76	0.778655	0.202601388889	0.466305941358
7.78	0.782814	0.2088375	0.444772376543
7.8	0.78687	0.219954166667	0.434645061728
7.82	0.79167	0.228301388889	0.354299768519
7.84	0.796124	0.232065277778	0.370783179012
7.86	0.800838	0.240740277778	0.486645447531
7.88	0.805674	0.252988888889	0.537627314815
7.9	0.810977	0.264747222222	0.463672839506
7.92	0.816332	0.272688888889	0.320817901235
7.94	0.821947	0.277459722222	0.162314814815
7.96	0.827493	0.278451388889	-0.0158603395062
7.98	0.832987	0.280929166667	-0.447035108025
8	0.838966	0.269447222222	-1.36803240741
8.02	0.8442	0.231827777778	-2.6360783179
8.04	0.848585	0.168756944444	-4.09333140432
8.06	0.851756	0.0634722222222	-5.18079475309
8.08	0.851531	-0.0609416666667	-5.07007716049
8.1	0.848793	-0.159902777778	-3.85617283951
8.12	0.844373	-0.218245833333	-2.3631867284
8.14	0.839625	-0.247244444444	-1.1793595679
8.16	0.83427	-0.2598	-0.353364197531
8.18	0.828914	-0.255372222222	0.101417824074
8.2	0.824079	-0.249684722222	0.222847222222
8.22	0.819018	-0.246858333333	0.307966820988
8.24	0.814045	-0.237420833333	0.373373842593
8.26	0.809591	-0.230556944444	0.376857638889
8.28	0.804807	-0.222884722222	0.397035108025
8.3	0.80063	-0.213655555556	0.382924382716
8.32	0.796384	-0.208780555556	0.42850308642
8.34	0.792173	-0.199026388889	0.570572916667
8.36	0.788274	-0.183244444444	0.597974537037
8.38	0.784981	-0.172618055556	0.51949845679
8.4	0.781445	-0.165009722222	0.531485339506
8.42	0.778239	-0.152101388889	0.567548225309
8.44	0.775362	-0.139629166667	0.503501157407
8.46	0.77278	-0.131852777778	0.437658179012
8.48	0.770111	-0.125330555556	0.498142361111
8.5	0.767581	-0.111372222222	0.539755015432
8.52	0.765744	-0.100770833333	0.457966820988
8.54	0.763646	-0.0943388888889	0.423962191358
8.56	0.761879	-0.0845847222222	0.430974151235
8.58	0.760336	-0.0776541666667	0.480881558642
8.6	0.758707	-0.0669069444444	0.595426311728
8.62	0.757581	-0.052825	0.652274305556
8.64	0.756576	-0.0381777777778	0.594521604938
8.66	0.756177	-0.0283152777778	0.497052469136
8.68	0.755501	-0.0215263888889	0.526053240741
8.7	0.755102	-0.00632777777778	0.526840277778
8.72	0.755432	0.00161666666667	0.446876929012
8.74	0.755189	0.0086625	0.474670138889
8.76	0.755605	0.0219263888889	0.452029320988
8.78	0.756246	0.0281652777778	0.383985339506
8.8	0.756749	0.0339694444444	0.447627314815
8.82	0.757425	0.04655	0.498672839506
8.84	0.758707	0.0560361111111	0.46972029321
8.86	0.75973	0.0631625	0.516022376543
8.88	0.761047	0.0773791666667	0.530916280864
8.9	0.762953	0.0866222222222	0.458381558642
8.92	0.764582	0.0932013888889	0.477131558642
8.94	0.766506	0.106176388889	0.471539351852
8.96	0.768932	0.114629166667	0.37399691358
8.98	0.771203	0.118959722222	0.370283564815
9	0.773594	0.127025	0.463748070988
9.02	0.776177	0.139379166667	0.489390432099
9.04	0.779262	0.148634722222	0.430102237654
9.06	0.782208	0.154283333333	0.451888503086
9.08	0.785258	0.166531944444	0.485470679012
9.1	0.788949	0.175975	0.433080632716
9.12	0.792398	0.181522222222	0.466005015432
9.14	0.796003	0.195030555556	0.475553626543
9.16	0.800319	0.203298611111	0.382378472222
9.18	0.804235	0.208006944444	0.386338734568
9.2	0.808533	0.216847222222	0.459272762346
9.22	0.812831	0.228525	0.443416280864
9.24	0.817753	0.237265277778	0.303954475309
9.26	0.822467	0.239144444444	0.200700231482
9.28	0.827181	0.245383333333	0.0693846450617
9.3	0.832398	0.245670833333	-0.266331018519
9.32	0.837164	0.236851388889	-0.787355324074
9.34	0.841895	0.220986111111	-1.68677469136
9.36	0.846505	0.176769444444	-2.92777199074
9.38	0.849555	0.100252777778	-3.96401427469
9.4	0.850751	0.00789722222222	-4.40261959877
9.42	0.849971	-0.0888625	-4.06669753086
9.44	0.846904	-0.167843055556	-3.00435570988
9.46	0.84264	-0.213025	-1.70648919753
9.48	0.837892	-0.229756944444	-0.705941358025
9.5	0.833264	-0.232458333333	-0.174926697531
9.52	0.828602	-0.2327625	0.0806230709877
9.54	0.823836	-0.227481944444	0.207538580247
9.56	0.819556	-0.223369444444	0.268898533951
9.58	0.814911	-0.218926388889	0.401813271605
9.6	0.810578	-0.2054625	0.449812885802
9.62	0.806835	-0.197751388889	0.374164737654
9.64	0.80278	-0.193811111111	0.43472029321
9.66	0.798915	-0.182866666667	0.588665123457
9.68	0.795345	-0.1670125	0.608105709877
9.7	0.792346	-0.155240277778	0.485162037037
9.72	0.789296	-0.150344444444	0.462976466049
9.74	0.786159	-0.138952777778	0.539787808642
9.76	0.783716	-0.126248611111	0.524182098765
9.78	0.781237	-0.118402777778	0.515474537037
9.8	0.778846	-0.105740277778	0.506226851852
9.82	0.777095	-0.0965916666667	0.438904320988
9.84	0.775068	-0.0908611111111	0.479180169753
9.86	0.773248	-0.0769319444444	0.507748842593
9.88	0.772139	-0.0685625	0.468628472222
9.9	0.770561	-0.0618638888889	0.57659529321
9.92	0.769418	-0.0450319444444	0.656222993827
9.94	0.768863	-0.0322791666667	0.589025848765
9.96	0.76817	-0.0214458333333	0.504182098765
9.98	0.768014	-0.0120638888889	0.417640817901
10	0.767771	-0.00613888888889	0.401863425926
10.02	0.767702	0.00253055555556	0.449388503086
10.04	0.767806	0.0134777777778	0.439450231481
10.06	0.768343	0.0209416666667	0.400316358025
10.08	0.76869	0.0265472222222	0.472710262346
10.1	0.769192	0.0405819444444	0.516194058642
10.12	0.770423	0.0503097222222	0.439236111111
10.14	0.771324	0.0556236111111	0.460900848765
10.16	0.772485	0.0672291666667	0.540426311728
10.18	0.773993	0.0797708333333	0.521195987654
10.2	0.775778	0.0885541666667	0.47318287037
10.22	0.777511	0.0976305555556	0.462658179012
10.24	0.77966	0.107625	0.433051697531
10.26	0.781896	0.114390277778	0.41975308642
10.28	0.784132	0.124847222222	0.381672453704
10.3	0.786956	0.131851388889	0.265655864198
10.32	0.789556	0.133113888889	0.259311342593
10.34	0.792173	0.138818055556	0.393892746914
10.36	0.794946	0.151213888889	0.437143132716
10.38	0.798343	0.159294444444	0.350106095679
10.4	0.80141	0.163220833333	0.330974151235
10.42	0.804738	0.171986111111	0.342941743827
10.44	0.808377	0.177623611111	0.338578317901
10.46	0.811844	0.183665277778	0.399861111111
10.48	0.81557	0.195394444444	0.378242669753
10.5	0.819798	0.2014375	0.242430555556
10.52	0.823732	0.202829166667	0.179558256173
10.54	0.827771	0.208754166667	0.0906674382716
10.56	0.832173	0.209994444444	-0.175266203704
10.58	0.836315	0.203297222222	-0.565869984568
10.6	0.840353	0.190608333333	-1.15190007716
10.62	0.844235	0.161020833333	-1.93791280864
10.64	0.847094	0.113077777778	-2.72709876543
10.66	0.848966	0.0506236111111	-3.37898341049
10.68	0.849486	-0.0295069444444	-3.56416280864
10.7	0.847753	-0.106293055556	-2.9945466821
10.72	0.84472	-0.157055555556	-1.99227044753
10.74	0.841029	-0.182526388889	-1.10520061728
10.76	0.837268	-0.195608333333	-0.514481095679
10.78	0.833056	-0.199406944444	-0.161936728395
10.8	0.829226	-0.198934722222	0.0102372685185
10.82	0.825154	-0.199156944444	0.163196373457
10.84	0.82115	-0.193820833333	0.351363811728
10.86	0.817268	-0.182768055556	0.435364583333
10.88	0.813923	-0.174048611111	0.412795138889
10.9	0.810388	-0.168583333333	0.465569058642
10.92	0.806974	-0.155143055556	0.505451388889
10.94	0.804287	-0.145640277778	0.438755787037
10.96	0.801254	-0.140144444444	0.46721257716
10.98	0.798481	-0.127043055556	0.496543209877
11	0.796263	-0.117752777778	0.437353395062
11.02	0.793871	-0.111736111111	0.468894675926
11.04	0.79167	-0.100869444444	0.569556327161
11.06	0.789747	-0.0863333333333	0.565761959877
11.08	0.788343	-0.0766194444444	0.493234953704
11.1	0.786731	-0.0689875	0.511556712963
11.12	0.785466	-0.0569	0.564378858025
11.14	0.784461	-0.0446277777778	0.545659722222
11.16	0.78375	-0.0351402777778	0.516165123457
11.18	0.782988	-0.0236555555556	0.471305941358
11.2	0.782884	-0.0155777777778	0.409677854938
11.22	0.782433	-0.0100652777778	0.469996141975
11.24	0.782312	0.00269027777778	0.547228009259
11.26	0.782554	0.0145361111111	0.511122685185
11.28	0.782953	0.0242694444444	0.426898148148
11.3	0.783629	0.0293944444444	0.429685570988
11.32	0.783993	0.0398388888889	0.508225308642
11.34	0.785189	0.0521305555556	0.492295524691
11.36	0.786211	0.0591555555556	0.48162808642
11.38	0.787424	0.071175	0.472827932099
11.4	0.78914	0.0795305555556	0.409170524691
11.42	0.790665	0.0856916666667	0.422021604938
11.44	0.79245	0.0962166666667	0.444230324074
11.46	0.794565	0.1049	0.411354166667
11.48	0.796696	0.111661111111	0.409884259259
11.5	0.798932	0.121754166667	0.390173611111
11.52	0.801653	0.128518055556	0.326745756173
11.54	0.804149	0.132216666667	0.366209490741
11.56	0.806748	0.143479166667	0.393695987654
11.58	0.809989	0.150540277778	0.326317515432
11.6	0.812866	0.154323611111	0.346566358025
11.62	0.816038	0.162886111111	0.415584490741
11.64	0.819313	0.173858333333	0.361697530864
11.66	0.823126	0.179494444444	0.204376929012
11.68	0.826592	0.180025	0.103198302469
11.7	0.830197	0.184383333333	-0.0445543981481
11.72	0.834114	0.181483333333	-0.352976466049
11.74	0.837614	0.170313888889	-0.758879243827
11.76	0.840907	0.156195833333	-1.53553626543
11.78	0.844096	0.123463888889	-3.06381751543
11.8	0.846384	0.0439777777778	-4.57994212963
11.82	0.84751	-0.0870361111111	-4.31896026235
11.84	0.844027	-0.242452777778	0.611199845679
11.86	0.829192	-0.0367986111111	4.15548032407
11.88	0.844166	0.105206944444	-0.118429783951
11.9	0.841046	-0.0722972222222	-3.47264853395
11.92	0.83803	-0.137230555556	-2.50741512346
11.94	0.834564	-0.168484722222	-1.10892746914
11.96	0.831081	-0.165763888889	-0.156321373457
11.98	0.827979	-0.1635375	0.0915702160494
12	0.824599	-0.1627	0.254552469136
12.02	0.821254	-0.152965277778	0.358148148148
12.04	0.818551	-0.145433333333	0.341834490741
12.06	0.815535	-0.141348611111	0.398836805556
12.08	0.81271	-0.129863888889	0.461520061728
12.1	0.810405	-0.120475	0.408350694444
12.12	0.807944	-0.113133333333	0.284976851852
12.14	0.805743	-0.105433333333	0.065881558642
12.16	0.804079	-0.109741666667	-0.0402295524691
12.18	0.80193	-0.131906944444	0.885021219136
12.2	0.797008	-0.0786583333333	1.89833140432
12.22	0.798516	-0.0146027777778	1.12500192901
12.24	0.798291	-0.0281597222222	0.0387094907407
12.26	0.797199	-0.0391180555556	0.00751350308642
12.28	0.796211	-0.0325944444444	0.301072530864
12.3	0.795899	-0.0215902777778	0.446738040123
12.32	0.795414	-0.0123736111111	0.45056712963
12.34	0.795379	-0.00293888888889	0.402839506173
12.36	0.795379	0.00296666666667	0.392806712963
12.38	0.795466	0.0107444444444	0.467440200617
12.4	0.795709	0.0223833333333	0.508146219136
12.42	0.796367	0.0338097222222	0.439496527778
12.44	0.797216	0.0391875	0.398668981481
12.46	0.797875	0.0466763888889	0.480528549383
12.48	0.798932	0.0603708333333	0.482729552469
12.5	0.80044	0.0680236111111	0.392415123457
12.52	0.801653	0.0750722222222	0.335536265432
12.54	0.803438	0.0815958333333	0.28809992284
12.56	0.805015	0.0846555555556	0.336836419753
12.58	0.806696	0.0932583333333	0.460243055556
12.6	0.808655	0.105848611111	0.464301697531
12.62	0.811064	0.113254166667	0.391832561728
12.64	0.813161	0.120734722222	0.341986882716
12.66	0.815899	0.127693055556	0.268294753086
12.68	0.818395	0.129495833333	0.274619984568
12.7	0.82089	0.138597222222	0.278748070988
12.72	0.82401	0.144141666667	0.145200617284
12.74	0.826835	0.142622222222	0.0818904320988
12.76	0.829608	0.144833333333	0.106930941358
12.78	0.832537	0.15	-0.0142959104938
12.8	0.83576	0.148023611111	-0.327976466049
12.82	0.838602	0.137541666667	-0.710013503086
12.84	0.841341	0.120377777778	-1.13100501543
12.86	0.843628	0.0919708333333	-1.52267554012
12.88	0.845136	0.0565236111111	-1.77369984568
12.9	0.845847	0.0203138888889	-1.9478587963
12.92	0.846089	-0.0219319444444	-2.03020447531
12.94	0.845084	-0.0676805555556	-1.77979166667
12.96	0.843022	-0.0970263888889	-1.32533564815
12.98	0.841046	-0.117176388889	-0.979085648148
13	0.838412	-0.136605555556	-0.617773919753
13.02	0.835361	-0.144444444444	-0.185314429012
13.04	0.832381	-0.140369444444	0.0744039351852
13.06	0.829816	-0.137036111111	0.124834104938
13.08	0.826991	-0.136998611111	0.21206404321
13.1	0.824148	-0.129101388889	0.318877314815
13.12	0.821895	-0.123091666667	0.378829089506
13.14	0.819192	-0.115004166667	0.463105709877
13.16	0.817164	-0.102036111111	0.428736496914
13.18	0.815275	-0.0960416666667	0.327160493827
13.2	0.813386	-0.0922416666667	0.36590470679
13.22	0.811462	-0.0836236111111	0.504677854938
13.24	0.809937	-0.0698277777778	0.557119984568
13.26	0.808776	-0.0599402777778	0.533242669753
13.28	0.807493	-0.0486972222222	0.504230324074
13.3	0.806852	-0.0386986111111	0.433852237654
13.32	0.806055	-0.0332569444444	0.446248070988
13.34	0.805362	-0.0214652777778	0.491006944444
13.36	0.805258	-0.0118416666667	0.466558641975
13.38	0.804946	-0.00430833333333	0.491531635803
13.4	0.804929	0.00891944444444	0.466977237654
13.42	0.805448	0.0162819444444	0.368678626543
13.44	0.805656	0.0205541666667	0.391491126543
13.46	0.806072	0.0322583333333	0.403431712963
13.48	0.80706	0.0391944444444	0.329907407407
13.5	0.807736	0.0429527777778	0.361213348765
13.52	0.808655	0.0516152777778	0.466520061728
13.54	0.809695	0.0643819444444	0.461668595679
13.56	0.811358	0.0724694444444	0.35434220679
13.58	0.81271	0.0754652777778	0.359529320988
13.6	0.814166	0.0863708333333	0.387118055556
13.62	0.816246	0.0940625	0.293661265432
13.64	0.818065	0.0963222222222	0.261084104938
13.66	0.819937	0.104173611111	0.234828317901
13.68	0.822311	0.108218055556	0.121570216049
13.7	0.824408	0.106904166667	0.0996122685185
13.72	0.826471	0.109859722222	0.166377314815
13.74	0.828706	0.116405555556	0.117164351852
13.76	0.831289	0.116572222222	-0.0326909722222
13.78	0.83342	0.113390277778	-0.139126157407
13.8	0.835725	0.112705555556	-0.321327160494
13.82	0.838152	0.101966666667	-0.570206404321
13.84	0.83985	0.0878055555556	-0.756564429012
13.86	0.841583	0.0741625	-1.04254436728
13.88	0.843091	0.0478069444444	-1.37068865741
13.9	0.843663	0.0135972222222	-1.43741512346
13.92	0.84342	-0.0128305555556	-1.33054976852
13.94	0.843143	-0.0379333333333	-1.24344328704
13.96	0.841999	-0.0651083333333	-1.03455054012
13.98	0.840301	-0.0813125	-0.738825231482
14	0.838654	-0.0922430555556	-0.527116126543
14.02	0.836661	-0.102629166667	-0.307839506173
14.04	0.834426	-0.106484722222	-0.0322337962963
14.06	0.832207	-0.101477777778	0.130445601852
14.08	0.83044	-0.0980819444444	0.146572145062
14.1	0.82836	-0.0973666666667	0.210270061728
14.12	0.826367	-0.0897347222222	0.274839891975
14.14	0.824842	-0.0843472222222	0.264423225309
14.16	0.823074	-0.0816069444444	0.343711419753
14.18	0.821358	-0.0701930555556	0.39856867284
14.2	0.820353	-0.0623680555556	0.328524305556
14.22	0.819001	-0.0593819444444	0.355285493827
14.24	0.81784	-0.0508111111111	0.484523533951
14.26	0.816852	-0.0374972222222	0.519106867284
14.28	0.816454	-0.0279013888889	0.461350308642
14.3	0.815812	-0.0216986111111	0.498838734568
14.32	0.815396	-0.00784861111111	0.529685570988
14.34	0.815604	0.00171527777778	0.462447916667
14.36	0.815483	0.0102402777778	0.397918595679
14.38	0.815986	0.0187263888889	0.292584876543
14.4	0.816384	0.0209861111111	0.244770447531
14.42	0.816783	0.0251986111111	0.337534722222
14.44	0.817233	0.03565	0.38871720679
14.46	0.818291	0.0434708333333	0.32490933642
14.48	0.81907	0.0470569444444	0.308825231482
14.5	0.820024	0.0559402777778	0.290391589506
14.52	0.821427	0.0600333333333	0.229936342593
14.54	0.822485	0.0621777777778	0.285302854938
14.56	0.823715	0.0718236111111	0.318923611111
14.58	0.825431	0.0785875	0.202067901235
14.6	0.827025	0.0784208333333	0.13025462963
14.62	0.828429	0.0827152777778	0.100347222222
14.64	0.830388	0.0845347222222	-0.00514081790124
14.66	0.831947	0.0806777777778	-0.0404918981481
14.68	0.833455	0.0827777777778	-0.0855594135802
14.7	0.835344	0.0801527777778	-0.254903549383
14.72	0.836765	0.0727666666667	-0.436902006173
14.74	0.838325	0.0611416666667	-0.561857638889
14.76	0.839174	0.0497125	-0.648097993827
14.78	0.840353	0.0364041666667	-0.767768132716
14.8	0.840769	0.0169736111111	-0.799243827161
14.82	0.840873	0.00353888888889	-0.782802854938
14.84	0.840977	-0.0125680555556	-0.82231867284
14.86	0.840457	-0.0316847222222	-0.758153935185
14.88	0.839538	-0.0437638888889	-0.645414737654
14.9	0.838741	-0.0564402777778	-0.549791666667
14.92	0.837303	-0.0681972222222	-0.346701388889
14.94	0.835829	-0.0714722222222	-0.10259066358
14.96	0.834339	-0.0691555555556	0.00384645061732
14.98	0.83316	-0.0698472222222	0.0268537808642
15	0.831497	-0.0687833333333	0.06625
15.02	0.830388	-0.0665375	0.0824093364197
15.04	0.828914	-0.0670166666667	0.160540123457
15.06	0.827528	-0.0599763888889	0.231302083333
15.08	0.826575	-0.0553333333333	0.212241512346
15.1	0.825414	-0.0536583333333	0.282183641975
15.12	0.824287	-0.0460333333333	0.420551697531
15.14	0.823455	-0.0335361111111	0.418784722222
15.16	0.823091	-0.0268652777778	0.315007716049
15.18	0.822467	-0.0236833333333	0.319577546296
15.2	0.822034	-0.0162458333333	0.413329475309
15.22	0.821722	-0.00489027777778	0.421012731482
15.24	0.821947	0.00255	0.341477623457
15.26	0.821895	0.00667777777778	0.333375771605
15.28	0.822069	0.0160180555556	0.325727237654
15.3	0.822641	0.0212763888889	0.264793595679
15.32	0.822987	0.0240722222222	0.301043595679
15.34	0.823421	0.0336791666667	0.320941358025
15.36	0.824426	0.0397097222222	0.231487268519
15.38	0.825136	0.0407291666667	0.222077546296
15.4	0.825882	0.048	0.234247685185
15.42	0.827112	0.0527138888889	0.156601080247
15.44	0.828135	0.0522513888889	0.16303433642
15.46	0.82907	0.05685	0.256695601852
15.48	0.830301	0.0658375	0.205023148148
15.5	0.831878	0.0673763888889	0.0370158179012
15.52	0.833022	0.0665583333333	-0.113084490741
15.54	0.834582	0.0626722222222	-0.241165123457
15.56	0.835621	0.0549486111111	-0.272193287037
15.58	0.836696	0.0504333333333	-0.250507330247
15.6	0.83758	0.0475152777778	-0.334556327161
15.62	0.838741	0.0386763888889	-0.488800154321
15.64	0.839226	0.0250805555556	-0.538261959877
15.66	0.839573	0.0172083333333	-0.582642746914
15.68	0.840023	0.0046	-0.718775077161
15.7	0.839937	-0.0151569444444	-0.689542824074
15.72	0.839209	-0.0261625	-0.515985725309
15.74	0.838828	-0.033825	-0.41400462963
15.76	0.837874	-0.0414277777778	-0.366927083333
15.78	0.837164	-0.0482055555556	-0.337783564815
15.8	0.836003	-0.05695	-0.226352237654
15.82	0.834703	-0.0575569444444	-0.100914351852
15.84	0.833715	-0.0584708333333	-0.0691647376543
15.86	0.83245	-0.0615069444444	0.0119116512345
15.88	0.831167	-0.0604944444444	0.182046682099
15.9	0.82985	-0.0518208333333	0.249585262346
15.92	0.829209	-0.0473694444444	0.186302083333
15.94	0.828065	-0.0469625	0.22118441358
15.96	0.827181	-0.0405277777778	0.332611882716
15.98	0.826367	-0.0309944444444	0.342897376543
16	0.826055	-0.0252958333333	0.288524305556
16.02	0.825414	-0.0222736111111	0.340310570988
16.04	0.82498	-0.0116375	0.388080632716
16.06	0.825032	-0.00438333333333	0.330561342593
16.08	0.824824	0.0017375	0.25771412037
16.1	0.825119	0.00631111111111	0.178016975309
16.12	0.825188	0.00657916666667	0.209103009259
16.14	0.825258	0.0123805555556	0.334438657407
16.16	0.82557	0.0226680555556	0.34652970679
16.18	0.82628	0.0287541666667	0.246099537037
16.2	0.826817	0.0304041666667	0.215356867284
16.22	0.827355	0.036975	0.205397376543
16.24	0.828377	0.0403625	0.133420138889
16.26	0.829053	0.0403666666667	0.134330632716
16.28	0.829833	0.0460916666667	0.120528549383
16.3	0.831011	0.0472291666667	0.028069058642
16.32	0.831809	0.0447972222222	0.0238638117284
16.34	0.832623	0.0486888888889	-0.00070794753087
16.36	0.833888	0.0472555555556	-0.118858024691
16.38	0.834634	0.0409194444444	-0.125376157407
16.4	0.835309	0.0423861111111	-0.145864197531
16.42	0.836436	0.0388097222222	-0.307091049383
16.44	0.837043	0.0279888888889	-0.378144290123
16.46	0.837458	0.0204541666667	-0.316514274691
16.48	0.837753	0.0171208333333	-0.315318287037
16.5	0.838256	0.00965138888889	-0.389367283951
16.52	0.838186	-0.000216666666666	-0.397291666667
16.54	0.838152	-0.00637777777778	-0.393441358025
16.56	0.838013	-0.0158222222222	-0.387636959877
16.58	0.837458	-0.0225041666667	-0.353518518519
16.6	0.837112	-0.0292402777778	-0.340887345679
16.62	0.836332	-0.0372388888889	-0.267229938272
16.64	0.835552	-0.0414041666667	-0.126807484568
16.66	0.834616	-0.0424583333333	0.0193113425926
16.68	0.833767	-0.0388902777778	0.0817206790123
16.7	0.833126	-0.0378805555556	0.0703067129629
16.72	0.832225	-0.0360361111111	0.0523668981481
16.74	0.831722	-0.0357041666667	0.0381770833334
16.76	0.830838	-0.0367333333333	0.12115933642
16.78	0.830093	-0.0308125	0.199481095679
16.8	0.829642	-0.0263319444444	0.173433641975
16.82	0.829088	-0.0237833333333	0.144394290123
16.84	0.828706	-0.0217847222222	0.172548225309
16.86	0.828204	-0.0189402777778	0.295393518519
16.88	0.827805	-0.00931111111111	0.386805555556
16.9	0.827875	-0.00122777777778	0.364263117284
16.92	0.827753	0.00642222222222	0.278923611111
16.94	0.828204	0.0106833333333	0.159344135803
16.96	0.82829	0.0100138888889	0.154039351852
16.98	0.828412	0.0167097222222	0.160206404321
17	0.829053	0.0192791666667	0.0619483024691
17.02	0.829313	0.0168722222222	0.0629301697531
17.04	0.82959	0.0198166666667	0.147953317901
17.06	0.830076	0.0244152777778	0.167843364198
17.08	0.830613	0.0273694444444	0.135497685185
17.1	0.831133	0.0310777777778	0.0377758487654
17.12	0.831965	0.0295347222222	-0.0787885802469
17.14	0.832381	0.0253138888889	-0.0784915123457
17.16	0.832883	0.0248319444444	-0.0143422067901
17.18	0.833299	0.027175	-0.0497685185185
17.2	0.834079	0.0248888888889	-0.166739969136
17.22	0.834408	0.0179388888889	-0.178101851852
17.24	0.834686	0.0153138888889	-0.089118441358
17.26	0.834911	0.0169402777778	-0.0985455246913
17.28	0.8355	0.0134777777778	-0.197102623457
17.3	0.835535	0.00623055555556	-0.192881944444
17.32	0.835569	0.00558611111111	-0.174749228395
17.34	0.835847	0.00159583333333	-0.23862654321
17.36	0.835743	-0.00650277777778	-0.200163966049
17.38	0.835396	-0.007225	-0.123694058642
17.4	0.8355	-0.00916666666667	-0.132534722222
17.42	0.835119	-0.0142416666667	-0.0833912037037
17.44	0.834738	-0.0119861111111	-0.0602218364197
17.46	0.834755	-0.0142291666667	-0.12819058642
17.48	0.83427	-0.0201569444444	-0.0761323302469
17.5	0.833732	-0.0177263888889	-0.00252507716051
17.52	0.833628	-0.0174722222222	-0.0334432870371
17.54	0.833143	-0.0211236111111	0.00932291666667
17.56	0.832589	-0.0172833333333	0.0524131944444
17.58	0.832519	-0.0163541666667	-0.00031635802469
17.6	0.832051	-0.0192611111111	0.0307291666667
17.62	0.831635	-0.0175472222222	0.152635030864
17.64	0.831219	-0.0106291666667	0.177218364198
17.66	0.831341	-0.00822361111111	0.107071759259
17.68	0.830977	-0.00946527777778	0.147228009259
17.7	0.830734	-0.00205694444445	0.177795138889
17.72	0.831011	0.000884722222222	0.0851581790124
17.74	0.830907	-0.00158472222222	0.107885802469
17.76	0.830734	0.00431666666667	0.164261188272
17.78	0.83115	0.00749444444444	0.116402391975
17.8	0.831081	0.00867083333333	0.0689911265432
17.82	0.831445	0.0111402777778	-0.0164178240741
17.84	0.83167	0.00733194444444	-0.0554398148148
17.86	0.831687	0.00623055555556	0.0258854166667
17.88	0.831843	0.0083375	0.104265046296
17.9	0.831965	0.0127652777778	0.0817496141975
17.92	0.83245	0.0133833333333	-0.023130787037
17.94	0.832606	0.00924444444444	-0.0307484567901
17.96	0.832641	0.0117375	-0.0124980709876
17.98	0.83316	0.0110638888889	-0.0779031635802
18	0.833195	0.00611527777778	-0.0475135030864
18.02	0.833195	0.00919583333333	-0.0220351080247
18.04	0.833663	0.00803888888889	-0.0999768518519
18.06	0.833628	0.00294305555555	-0.0864429012346
18.08	0.833646	0.00292222222222	-0.00889081790123
18.1	0.833698	0.00493472222222	-0.0209027777777
18.12	0.833958	0.00270972222222	-0.0654976851852
18.14	0.833784	0.000856944444445	-0.0556076388889
18.16	0.83394	0.00115972222222	-0.0678722993827
18.18	0.833923	-0.00222777777778	-0.0647723765432
18.2	0.83375	-0.00167777777778	-0.0489679783951
18.22	0.833906	-0.00300833333333	-0.0765760030864
18.24	0.833698	-0.00679305555556	-0.0250752314815
18.26	0.833455	-0.00351666666667	0.00148533950621
18.28	0.833646	-0.00407083333333	-0.0715586419753
18.3	0.833403	-0.00852777777778	-0.0533352623457
18.32	0.833195	-0.00855	0.0565837191358
18.34	0.832952	-0.00415972222222	0.0871971450617
18.36	0.833126	-0.00295277777778	0.0271064814815
18.38	0.832918	-0.00544305555556	0.0506867283951
18.4	0.832727	-0.000918055555555	0.0778993055556
18.42	0.832987	-0.000356944444444	0.0284780092592
18.44	0.832762	-0.00177638888889	0.0540489969136
18.46	0.832762	0.00262361111111	0.0492110339506
18.48	0.833022	0.00107638888889	0.0119232253086
18.5	0.832779	0.000663888888888	0.064324845679
18.52	0.8329	0.00577638888889	0.0270968364198
18.54	0.833195	0.00320694444444	-0.0615412808642
18.56	0.833039	0.0004875	-0.0343788580247
18.58	0.833126	0.0010125	0.0271084104938
18.6	0.833039	0.00332083333333	0.0253395061728
18.62	0.833334	0.00302777777778	-0.0218634259259
18.64	0.833212	0.000331944444444	0.00978973765433
18.66	0.833195	0.00378055555556	0.0259972993827
18.68	0.833455	0.00334166666667	-0.0378047839506
18.7	0.833368	0.00122361111111	-0.0569077932099
18.72	0.833472	0.000363888888889	-0.0456520061729
18.74	0.833403	-0.001275	-0.00690200617285
18.76	0.833316	0.001325	-0.0202797067901
18.78	0.833559	-0.000551388888888	-0.0886188271605
18.8	0.833368	-0.00495277777778	-0.0383738425926
18.82	0.83323	-0.00394027777778	0.0892669753086
18.84	0.833126	0.00105416666667	0.114031635802
18.86	0.833368	0.00240833333333	0.0459104938271
18.88	0.83323	0.00265555555555	-0.0243896604938
18.9	0.83349	0.00158888888889	-0.0861512345679
18.92	0.833386	-0.00289722222222	-0.0370513117284
18.94	0.833264	-0.00227166666667	0.117552083333
18.96	0.833178	0.00304027777778	0.228920524691
18.98	0.833472	0.00932222222222	0.287607253086
