Time	Position	Velocity	Acceleration
0.02	0.206252	0.236175	0.413146990741
0.04	0.210807	0.245427083333	0.350397569444
0.06	0.216038	0.251611666667	0.269321180556
0.08	0.220922	0.255329166667	0.230352816358
0.1	0.226221	0.260668055556	0.204107445988
0.12	0.231434	0.262269444444	0.231575231481
0.14	0.236561	0.269994444444	0.261971450617
0.16	0.242311	0.274773611111	0.212816358025
0.18	0.247645	0.276075	0.256186342593
0.2	0.253153	0.285190277778	0.287862654321
0.22	0.259145	0.290408333333	0.21287037037
0.24	0.264878	0.291731944444	0.216722608025
0.26	0.270697	0.297380555556	0.288165509259
0.28	0.276724	0.305248611111	0.285808256173
0.3	0.283011	0.309190277778	0.265158179012
0.32	0.289055	0.314673611111	0.282806712963
0.34	0.295567	0.321077777778	0.270507330247
0.36	0.301906	0.326729166667	0.215700231481
0.38	0.308712	0.329572222222	0.175636574074
0.4	0.315138	0.330368055556	0.281684027778
0.42	0.321702	0.340961111111	0.386377314815
0.44	0.328854	0.348731944444	0.362044753086
0.46	0.335678	0.355381944444	0.330910493827
0.48	0.343056	0.362216666667	0.294390432099
0.5	0.350261	0.364911111111	0.37934220679
0.52	0.357518	0.375411111111	0.535829475309
0.54	0.365259	0.387122222222	0.572145061728
0.56	0.372689	0.4078875	0.161001157407
0.58	0.382093	0.404266666667	-0.64296875
0.6	0.389749	0.363806944444	-0.610335648148
0.62	0.395741	0.361344444444	0.256236496914
0.64	0.403604	0.386531944444	0.643053626543
0.66	0.411623	0.398047222222	0.516253858025
0.68	0.419572	0.406511111111	0.337729552469
0.7	0.427989	0.408827777778	0.274270833333
0.72	0.435887	0.413247222222	0.410250771605
0.74	0.444286	0.427338888889	0.46671875
0.76	0.453136	0.435506944444	0.370302854938
0.78	0.461796	0.439840277778	0.354043209877
0.8	0.470594	0.449173611111	0.355783179012
0.82	0.479843	0.455154166667	0.316091820988
0.84	0.488779	0.4617125	0.282577160494
0.86	0.498339	0.467061111111	0.227584876543
0.88	0.507553	0.468580555556	0.26569058642
0.9	0.516888	0.4779125	0.298483796296
0.92	0.526777	0.482947222222	0.236905864198
0.94	0.536286	0.485084722222	0.263433641975
0.96	0.546019	0.49325	0.298630401235
0.98	0.556081	0.499075	0.256344521605
1	0.566057	0.502040277778	0.266570216049
1.02	0.576033	0.509734722222	0.279830246914
1.04	0.586528	0.514452777778	0.253765432099
1.06	0.59666	0.517469444444	0.326815200617
1.08	0.607052	0.527831944444	0.383202160494
1.1	0.617859	0.534798611111	0.34996720679
1.12	0.628441	0.541743055556	0.311884645062
1.14	0.639542	0.547806944444	0.248614969136
1.16	0.650436	0.550216666667	0.247584876543
1.18	0.661416	0.557797222222	0.252282021605
1.2	0.672847	0.561576388889	0.214976851852
1.22	0.683931	0.563647222222	0.285628858025
1.24	0.695189	0.573627777778	0.330725308642
1.26	0.706983	0.579706944444	0.263713348765
1.28	0.718483	0.581677777778	0.287737268518
1.3	0.730052	0.591077777778	0.319110725309
1.32	0.742227	0.596708333333	0.268711419753
1.34	0.754004	0.599238888889	0.32200617284
1.36	0.766006	0.609516666667	0.374261188272
1.38	0.778476	0.6162125	0.338441358025
1.4	0.790652	0.622843055556	0.295513117284
1.42	0.803381	0.629379166667	0.144760802469
1.44	0.815955	0.630027777778	-0.244523533951
1.46	0.828459	0.631975	-1.59291473765
1.48	0.841483	0.601794444444	-4.92044560185
1.5	0.853901	0.479938888889	-10.162349537
1.52	0.864362	0.178365277778	-14.1494155093
1.54	0.862474	-0.190029166667	-12.9348630401
1.56	0.853555	-0.409988888889	-7.96384066358
1.58	0.843509	-0.490541666667	-3.41246141975
1.6	0.833101	-0.504677777778	-0.894110725309
1.62	0.823177	-0.500284722222	0.0218672839506
1.64	0.813149	-0.495640277778	0.265837191358
1.66	0.803312	-0.489147222222	0.354845679012
1.68	0.793509	-0.479765277778	0.338728780864
1.7	0.784209	-0.474113888889	0.250686728395
1.72	0.774579	-0.470576388889	0.200927854938
1.74	0.765383	-0.466891666667	0.199027777778
1.76	0.755944	-0.4646125	0.288113425926
1.78	0.746626	-0.4549375	0.364315200617
1.8	0.737811	-0.447669444444	0.350623070988
1.82	0.728805	-0.442980555556	0.41978587963
1.84	0.719955	-0.432490277778	0.542156635802
1.86	0.711417	-0.418422222222	0.541992669753
1.88	0.703329	-0.408525	0.437625385802
1.9	0.695171	-0.403043055556	0.408094135802
1.92	0.687083	-0.392934722222	0.408628472222
1.94	0.679497	-0.384969444444	0.344313271605
1.96	0.671738	-0.379333333333	0.29430941358
1.98	0.664343	-0.374447222222	0.298429783951
2	0.65674	-0.368819444444	0.362293595679
2.02	0.649466	-0.358186111111	0.360515046296
2.04	0.642556	-0.353040277778	0.307793209877
2.06	0.635386	-0.349347222222	0.39365933642
2.08	0.628371	-0.337075	0.469540895062
2.1	0.621981	-0.327619444444	0.42106867284
2.12	0.61533	-0.320772222222	0.381560570988
2.14	0.609095	-0.312470833333	0.349913194444
2.16	0.602912	-0.307225	0.351454475309
2.18	0.596781	-0.300511111111	0.438173225309
2.2	0.590754	-0.2883875	0.470675154321
2.22	0.585333	-0.279363888889	0.405513117284
2.24	0.57967	-0.274145833333	0.409710648148
2.26	0.574214	-0.263147222222	0.420192901235
2.28	0.569227	-0.255522222222	0.361167052469
2.3	0.564048	-0.250065277778	0.354130015432
2.32	0.55913	-0.241356944444	0.351795910494
2.34	0.554471	-0.235427777778	0.335133101852
2.36	0.549725	-0.229818055556	0.390812114198
2.38	0.545136	-0.218704166667	0.404924768519
2.4	0.5411	-0.212159722222	0.362789351852
2.42	0.536684	-0.206784722222	0.415709876543
2.44	0.532649	-0.194665277778	0.431716820988
2.46	0.529012	-0.186952777778	0.347791280864
2.48	0.525271	-0.183211111111	0.355952932099
2.5	0.521512	-0.173201388889	0.389035493827
2.52	0.518412	-0.1655875	0.350844907407
2.54	0.514983	-0.161494444444	0.406020447531
2.56	0.511762	-0.149547222222	0.462256944444
2.58	0.509077	-0.140698611111	0.415167824074
2.6	0.50615	-0.132747222222	0.35090470679
2.62	0.503778	-0.126059722222	0.270237268519
2.64	0.501232	-0.124170833333	0.298294753086
2.66	0.498686	-0.116722222222	0.434023919753
2.68	0.496434	-0.104093055556	0.460607638889
2.7	0.49465	-0.0959263888889	0.38337191358
2.72	0.492676	-0.09135	0.397951388889
2.74	0.490823	-0.0800472222222	0.414359567901
2.76	0.489576	-0.0728555555556	0.352000385802
2.78	0.487931	-0.0668222222222	0.320868055556
2.8	0.486857	-0.0595166666667	0.280810185185
2.82	0.485679	-0.0570111111111	0.315405092593
2.84	0.484467	-0.0494833333333	0.455399305556
2.86	0.483566	-0.0362805555556	0.483435570988
2.88	0.483133	-0.0276888888889	0.394992283951
2.9	0.482492	-0.0209930555556	0.312255015432
2.92	0.482302	-0.0156472222222	0.257258873457
2.94	0.481904	-0.0117125	0.26478587963
2.96	0.481817	-0.00673888888889	0.35055941358
2.98	0.48154	0.00257083333333	0.422077546296
3	0.481921	0.0120902777778	0.397139274691
3.02	0.482059	0.0196472222222	0.309874614198
3.04	0.482752	0.0247069444444	0.218912037037
3.06	0.483133	0.0262027777778	0.233030478395
3.08	0.483705	0.031925	0.33981095679
3.1	0.484311	0.0416833333333	0.373861882716
3.12	0.485454	0.0488013888889	0.324670138889
3.14	0.486337	0.0527027777778	0.343547453704
3.16	0.487411	0.0625	0.364598765432
3.18	0.488918	0.0690652777778	0.315933641975
3.2	0.490217	0.0738458333333	0.319917052469
3.22	0.491793	0.0817986111111	0.326630015432
3.24	0.493559	0.0868736111111	0.335783179012
3.26	0.495187	0.0953222222222	0.339673996914
3.28	0.497421	0.101652777778	0.292156635802
3.3	0.499309	0.105695833333	0.294006558642
3.32	0.501543	0.113706944444	0.281768904321
3.34	0.503933	0.118288888889	0.226568287037
3.36	0.506324	0.121170833333	0.25013117284
3.38	0.508731	0.126304166667	0.365746527778
3.4	0.511294	0.135781944444	0.478310185185
3.42	0.514117	0.147427777778	0.484280478395
3.44	0.5172	0.158127777778	0.348126929012
3.46	0.520594	0.161688888889	0.20244212963
3.48	0.523729	0.162586111111	0.224104938272
3.5	0.526985	0.168193055556	0.362372685185
3.52	0.530345	0.179119444444	0.417617669753
3.54	0.534225	0.187270833333	0.354178240741
3.56	0.537862	0.193490277778	0.271589506173
3.58	0.542001	0.197961111111	0.202652391975
3.6	0.545863	0.198952777778	0.247110339506
3.62	0.54976	0.208025	0.28621720679
3.64	0.554263	0.213604166667	0.20149691358
3.66	0.558437	0.214273611111	0.19237654321
3.68	0.562732	0.218766666667	0.287073688272
3.7	0.567096	0.227359722222	0.322451774691
3.72	0.571911	0.232997222222	0.292118055556
3.74	0.576397	0.238763888889	0.267235725309
3.76	0.581471	0.244223611111	0.226288580247
3.78	0.586269	0.245590277778	0.275160108025
3.8	0.591083	0.255447222222	0.313520447531
3.82	0.596573	0.2615	0.224639274691
3.84	0.6017	0.261891666667	0.242930169753
3.86	0.606896	0.268306944444	0.376915509259
3.88	0.612317	0.279813888889	0.393724922839
3.9	0.618222	0.2861375	0.30852816358
3.92	0.623764	0.291613888889	0.234735725309
3.94	0.629913	0.295340277778	0.183400848765
3.96	0.635645	0.296731944444	0.238993055556
3.98	0.641655	0.3037375	0.340082947531
4	0.647734	0.313	0.332513503086
4.02	0.654281	0.318479166667	0.264492669753
4.04	0.66055	0.320644444444	0.309978780864
4.06	0.666924	0.3303375	0.374353780864
4.08	0.673799	0.338566666667	0.307781635802
4.1	0.680537	0.343497222222	0.193838734568
4.12	0.687568	0.346180555556	0.0918981481482
4.14	0.694478	0.345036111111	0.096149691358
4.16	0.701285	0.3475875	0.207752700617
4.18	0.708247	0.355591666667	0.235347222222
4.2	0.715642	0.358848611111	0.189650848765
4.22	0.722657	0.360075	0.260619212963
4.24	0.729844	0.369163888889	0.338844521605
4.26	0.737482	0.376505555556	0.30369212963
4.28	0.745016	0.379654166667	0.32005787037
4.3	0.752498	0.389268055556	0.320869984568
4.32	0.760655	0.395515277778	0.192067901235
4.34	0.768431	0.3966	0.0792496141975
4.36	0.776519	0.397156944444	0.038225308642
4.38	0.784347	0.396298611111	0.0869733796296
4.4	0.792245	0.400847222222	0.138219521605
4.42	0.800437	0.403506944444	0.120239197531
4.44	0.808438	0.404202777778	0.149253472222
4.46	0.816474	0.410105555556	0.125441743827
4.48	0.824926	0.412108333333	-0.0846277006173
4.5	0.832997	0.410590277778	-0.606228780864
4.52	0.841449	0.398765277778	-1.81431327161
4.54	0.849415	0.354525	-3.91764274691
4.56	0.856533	0.254547222222	-6.53918981482
4.58	0.861002	0.0810708333333	-8.35632137346
4.6	0.860413	-0.122073611111	-7.92484760803
4.62	0.855096	-0.274022222222	-5.47713155864
4.64	0.847857	-0.342556944444	-2.76831404321
4.66	0.840704	-0.364215277778	-1.0091087963
4.68	0.833135	-0.368779166667	-0.10159529321
4.7	0.825723	-0.360261111111	0.246786265432
4.72	0.818795	-0.353915277778	0.268730709877
4.74	0.81159	-0.348683333333	0.208443287037
4.76	0.804871	-0.345241666667	0.132839506173
4.78	0.797874	-0.345541666667	0.168105709877
4.8	0.790946	-0.340920833333	0.314224537037
4.82	0.78414	-0.331875	0.419992283951
4.84	0.77768	-0.322191666667	0.437997685185
4.86	0.771306	-0.314591666667	0.44552662037
4.88	0.765019	-0.304259722222	0.443678626543
4.9	0.759183	-0.295716666667	0.39803433642
4.92	0.75326	-0.290004166667	0.416051311728
4.94	0.74744	-0.278863888889	0.427617669753
4.96	0.742193	-0.271090277778	0.369039351852
4.98	0.736668	-0.266218055556	0.391367669753
5	0.731385	-0.255095833333	0.39412037037
5.02	0.726571	-0.248545833333	0.315208333333
5.04	0.721462	-0.243123611111	0.260713734568
5.06	0.716837	-0.238047222222	0.220217978395
5.08	0.71204	-0.236402777778	0.285958719136
5.1	0.70726	-0.229070833333	0.449899691358
5.12	0.702722	-0.215451388889	0.489681712963
5.14	0.698774	-0.206459722222	0.397038966049
5.16	0.694582	-0.202520833333	0.406647376543
5.18	0.69046	-0.190622222222	0.437004243827
5.2	0.687049	-0.182255555556	0.365958719136
5.22	0.68329	-0.178409722222	0.390270061728
5.24	0.679723	-0.167345833333	0.444216820988
5.26	0.676657	-0.158406944444	0.415549768519
5.28	0.67347	-0.152359722222	0.443985339506
5.3	0.670405	-0.140498611111	0.461153549383
5.32	0.667928	-0.131668055556	0.392185570988
5.34	0.665244	-0.126948611111	0.404511959877
5.36	0.662681	-0.115915277778	0.435401234568
5.38	0.660672	-0.107316666667	0.385048225309
5.4	0.658489	-0.102431944444	0.406826774691
5.42	0.656411	-0.0914055555556	0.440731095679
5.44	0.654887	-0.0824125	0.382197145062
5.46	0.653224	-0.0777416666667	0.384776234568
5.48	0.651631	-0.0674888888889	0.404577546296
5.5	0.650592	-0.0599388888889	0.360655864198
5.52	0.649276	-0.0541055555556	0.35481867284
5.54	0.64834	-0.0452555555556	0.334083719136
5.56	0.647578	-0.0406486111111	0.318858024691
5.58	0.646695	-0.0349430555556	0.396994598765
5.6	0.64602	-0.0230486111111	0.399915123457
5.62	0.645898	-0.0163444444444	0.30140625
5.64	0.645465	-0.0134027777778	0.300794753086
5.66	0.645257	-0.00644166666667	0.38619212963
5.68	0.645119	0.00404722222222	0.399106867284
5.7	0.645517	0.0112166666667	0.340129243827
5.72	0.645639	0.0152763888889	0.364751157407
5.74	0.64595	0.02605	0.382461419753
5.76	0.646782	0.0329527777778	0.310765817901
5.78	0.64737	0.0359625	0.334313271605
5.8	0.648029	0.0460944444444	0.368159722222
5.82	0.649293	0.0533013888889	0.304419367284
5.84	0.65028	0.0559527777778	0.328576388889
5.86	0.651337	0.066075	0.36365933642
5.88	0.652999	0.0730722222222	0.298591820988
5.9	0.65435	0.0766416666667	0.285750385802
5.92	0.655961	0.0838333333333	0.303115354938
5.94	0.657745	0.0895458333333	0.303329475309
5.96	0.65958	0.0944305555556	0.364077932099
5.98	0.661399	0.104105555556	0.419575617284
6	0.663754	0.113702777778	0.370761959877
6.02	0.666075	0.118131944444	0.341913580247
6.04	0.668361	0.126719444444	0.336576003086
6.06	0.671184	0.133390277778	0.271097608025
6.08	0.673817	0.135604166667	0.291197916667
6.1	0.676467	0.143411111111	0.377841435185
6.12	0.679515	0.153093055556	0.367364969136
6.14	0.682701	0.158486111111	0.328196373457
6.16	0.685784	0.166077777778	0.288707561728
6.18	0.689404	0.170797222222	0.234677854938
6.2	0.692695	0.172884722222	0.30009066358
6.22	0.696176	0.181105555556	0.436747685185
6.24	0.699865	0.192940277778	0.459820601852
6.26	0.703987	0.201188888889	0.388570601852
6.28	0.707901	0.208861111111	0.287891589506
6.3	0.712404	0.213188888889	0.183070987654
6.32	0.716543	0.213118055556	0.220679012346
6.34	0.720769	0.219854166667	0.346423611111
6.36	0.725237	0.230443055556	0.330761959877
6.38	0.730139	0.235344444444	0.216510416667
6.4	0.734745	0.235894444444	0.223533950617
6.42	0.739387	0.243595833333	0.270557484568
6.44	0.744565	0.248718055556	0.246452546296
6.46	0.749397	0.251711111111	0.284388503086
6.48	0.754472	0.260731944444	0.294020061728
6.5	0.759945	0.265240277778	0.235376157407
6.52	0.76514	0.267595833333	0.267004243827
6.54	0.770457	0.276894444444	0.252970679012
6.56	0.776346	0.280863888889	0.113728780864
6.58	0.781836	0.278670833333	0.0828375771605
6.6	0.787309	0.283166666667	0.102858796296
6.62	0.793249	0.284425	0.0722550154321
6.64	0.79874	0.283922222222	0.127922453704
6.66	0.804438	0.289990277778	0.166313657407
6.68	0.810447	0.292129166667	0.145158179012
6.7	0.816145	0.2938	0.19080632716
6.72	0.822051	0.300925	0.17068287037
6.74	0.828286	0.303643055556	-0.00428047839505
6.76	0.834296	0.301181944444	-0.273460648148
6.78	0.840288	0.297136111111	-0.836896219136
6.8	0.846436	0.276726388889	-1.89517939815
6.82	0.851823	0.228066666667	-3.31600501543
6.84	0.856118	0.145188888889	-4.7351871142
6.86	0.858248	0.0287180555556	-5.52519097222
6.88	0.857486	-0.09725	-5.13669560185
6.9	0.853849	-0.196131944444	-3.71000964506
6.92	0.848723	-0.246865277778	-2.12674382716
6.94	0.843579	-0.270541666667	-1.02880208333
6.96	0.837777	-0.281701388889	-0.329430941358
6.98	0.832062	-0.279495833333	0.0703337191358
7	0.826571	-0.274370833333	0.208655478395
7.02	0.821133	-0.270218055556	0.256265432099
7.04	0.815678	-0.263170833333	0.244508101852
7.06	0.81069	-0.259401388889	0.194305555556
7.08	0.805373	-0.258273611111	0.262010030864
7.1	0.80016	-0.249091666667	0.339758873457
7.12	0.795466	-0.241925	0.311736111111
7.14	0.790582	-0.238095833333	0.336375385802
7.16	0.785819	-0.229598611111	0.399157021605
7.18	0.781368	-0.219938888889	0.381610725309
7.2	0.777143	-0.214479166667	0.366956018519
7.22	0.772744	-0.207448611111	0.429500385802
7.24	0.768708	-0.195181944444	0.408288966049
7.26	0.765106	-0.18955	0.32541087963
7.28	0.761157	-0.1852	0.358883101852
7.3	0.757537	-0.174895833333	0.385208333333
7.32	0.754247	-0.167679166667	0.334097222222
7.34	0.750904	-0.163448611111	0.36115162037
7.36	0.747579	-0.153823611111	0.414295910494
7.38	0.744808	-0.146154166667	0.432581018519
7.4	0.741673	-0.136095833333	0.420271990741
7.42	0.73937	-0.127002777778	0.314212962963
7.44	0.736772	-0.125108333333	0.286298225309
7.46	0.734278	-0.119361111111	0.41890625
7.48	0.731836	-0.106856944444	0.49028742284
7.5	0.730069	-0.0965111111111	0.415482253086
7.52	0.72806	-0.0902208333333	0.32427662037
7.54	0.72645	-0.0843083333333	0.27431712963
7.56	0.724752	-0.0808444444444	0.309151234568
7.58	0.723142	-0.0737444444444	0.420196759259
7.6	0.721687	-0.0620361111111	0.447237654321
7.62	0.720752	-0.0535513888889	0.373672839506
7.64	0.719643	-0.049225	0.372118055556
7.66	0.718621	-0.0388930555556	0.377374614198
7.68	0.718154	-0.0316541666667	0.296242283951
7.7	0.717478	-0.0288902777778	0.298979552469
7.72	0.716907	-0.0224472222222	0.413742283951
7.74	0.716456	-0.0106152777778	0.457119984568
7.76	0.71656	-0.00165555555555	0.382966820988
7.78	0.716439	0.00453055555556	0.30756558642
7.8	0.716751	0.0100847222222	0.261512345679
7.82	0.716907	0.0129375	0.303699845679
7.84	0.717097	0.0226791666667	0.330522762346
7.86	0.717894	0.0290069444444	0.248748070988
7.88	0.718396	0.0302291666667	0.26484375
7.9	0.71895	0.0374486111111	0.364068287037
7.92	0.719816	0.0477	0.35474537037
7.94	0.721011	0.0525875	0.30341242284
7.96	0.721929	0.0568291666667	0.35840470679
7.98	0.72309	0.0683736111111	0.35721257716
8	0.724822	0.0737486111111	0.255914351852
8.02	0.726138	0.0752791666667	0.283452932099
8.04	0.727627	0.0845430555556	0.335898919753
8.06	0.729584	0.0915541666667	0.281388888889
8.08	0.731403	0.0942236111111	0.282563657407
8.1	0.733204	0.102320833333	0.30522183642
8.12	0.735559	0.108098611111	0.268076774691
8.14	0.737603	0.111158333333	0.300258487654
8.16	0.739837	0.120615277778	0.304612268519
8.18	0.742522	0.125856944444	0.216523919753
8.2	0.744981	0.127151388889	0.219870756173
8.22	0.74751	0.132195833333	0.323532021605
8.24	0.750159	0.142058333333	0.348547453704
8.26	0.753294	0.148086111111	0.279363425926
8.28	0.7561	0.152708333333	0.220497685185
8.3	0.759391	0.157127777778	0.165596064815
8.32	0.762491	0.157647222222	0.193605324074
8.34	0.765591	0.1628125	0.301396604938
8.36	0.768881	0.172658333333	0.286547067901
8.38	0.772657	0.176469444444	0.175565200617
8.4	0.776017	0.176588888889	0.180860339506
8.42	0.779533	0.183704166667	0.20106095679
8.44	0.783499	0.186004166667	0.17981095679
8.46	0.786997	0.187881944444	0.27150462963
8.48	0.79079	0.198447222222	0.290353009259
8.5	0.795085	0.202758333333	0.185335648148
8.52	0.799017	0.202922222222	0.200310570988
8.54	0.803069	0.208116666667	0.322490354938
8.56	0.807226	0.218466666667	0.337986111111
8.58	0.811937	0.223822222222	0.244982638889
8.6	0.816197	0.227548611111	0.165659722222
8.62	0.821029	0.230879166667	0.0749864969136
8.64	0.82555	0.229284722222	0.0425520833333
8.66	0.830104	0.231425	0.0459143518519
8.68	0.834781	0.234023611111	-0.102490354938
8.7	0.839595	0.230122222222	-0.432849151235
8.72	0.844046	0.220227777778	-0.994214891975
8.74	0.848619	0.195981944444	-1.84708140432
8.76	0.852308	0.148125	-2.78218171296
8.78	0.854871	0.0805486111111	-3.48272183642
8.8	0.855702	0.00177083333333	-3.74324845679
8.82	0.855009	-0.0787777777778	-3.43595100309
8.84	0.852325	-0.145865277778	-2.5842650463
8.86	0.848601	-0.183248611111	-1.62945987654
8.88	0.844791	-0.205643055556	-0.912201003086
8.9	0.840253	-0.217643055556	-0.354398148148
8.92	0.835837	-0.216844444444	0.00220486111112
8.94	0.831542	-0.213075	0.129247685185
8.96	0.827385	-0.210740277778	0.182683256173
8.98	0.82309	-0.207481944444	0.281851851852
9	0.818934	-0.198005555556	0.323433641975
9.02	0.815297	-0.192965277778	0.300835262346
9.04	0.811244	-0.188852777778	0.38524691358
9.06	0.807538	-0.176515277778	0.422280092593
9.08	0.804316	-0.169413888889	0.35224537037
9.1	0.800801	-0.163929166667	0.334565972222
9.12	0.797683	-0.156022222222	0.31958912037
9.14	0.794635	-0.151115277778	0.320511188272
9.16	0.791621	-0.144690277778	0.380584490741
9.18	0.788781	-0.135906944444	0.433086419753
9.2	0.786131	-0.1247	0.37272183642
9.22	0.783966	-0.12075	0.292594521605
9.24	0.781247	-0.115208333333	0.306946373457
9.26	0.779308	-0.107613888889	0.30025462963
9.28	0.777056	-0.104326388889	0.347702546296
9.3	0.774978	-0.0942513888889	0.415584490741
9.32	0.773332	-0.08595	0.405738811728
9.34	0.771566	-0.0784416666667	0.400113811728
9.36	0.770128	-0.0688916666667	0.343701774691
9.38	0.768916	-0.0640736111111	0.275316358025
9.4	0.7676	-0.0603027777778	0.318265817901
9.42	0.766422	-0.0530402777778	0.436128472222
9.44	0.765383	-0.0412263888889	0.481994598765
9.46	0.764829	-0.0315861111111	0.418096064815
9.48	0.764153	-0.0240291666667	0.322926311728
9.5	0.763911	-0.0189458333333	0.251180555556
9.52	0.763461	-0.0163319444444	0.293015046296
9.54	0.763149	-0.00897916666667	0.413202160494
9.56	0.76301	0.00252777777778	0.434751157407
9.58	0.763357	0.0100138888889	0.372428626543
9.6	0.763409	0.0168597222222	0.3178125
9.62	0.764015	0.0235625	0.239456018519
9.64	0.764482	0.0252041666667	0.226240354938
9.66	0.76495	0.0298791666667	0.330277777778
9.68	0.765539	0.0402402777778	0.370601851852
9.7	0.766699	0.0459152777778	0.356182484568
9.72	0.767357	0.0522763888889	0.410036651235
9.74	0.768622	0.0648541666667	0.353217592593
9.76	0.770163	0.0684055555556	0.224994212963
9.78	0.77141	0.0701597222222	0.253985339506
9.8	0.772847	0.0766611111111	0.36481095679
9.82	0.774389	0.0870069444444	0.391630015432
9.84	0.776415	0.0943875	0.325785108025
9.86	0.778251	0.0979472222222	0.331047453704
9.88	0.780173	0.107479166667	0.345810185185
9.9	0.782633	0.113808333333	0.286232638889
9.92	0.784815	0.116786111111	0.306894290123
9.94	0.787136	0.126044444444	0.324760802469
9.96	0.789924	0.132420833333	0.244047067901
9.98	0.792557	0.133961111111	0.244112654321
10	0.795172	0.140136111111	0.326523919753
10.02	0.798116	0.148222222222	0.357199074074
10.04	0.801095	0.156576388889	0.296350308642
10.06	0.80449	0.160325	0.219548611111
10.08	0.807538	0.16255	0.25466242284
10.1	0.810828	0.171166666667	0.267397762346
10.12	0.814483	0.175615277778	0.194932484568
10.14	0.817946	0.1768875	0.206234567901
10.16	0.821462	0.181827777778	0.288898533951
10.18	0.825099	0.191355555556	0.248589891975
10.2	0.829273	0.194559722222	0.0782407407407
10.22	0.832997	0.192127777778	-0.024799382716
10.24	0.836807	0.194291666667	-0.18131558642
10.26	0.840912	0.188879166667	-0.525709876543
10.28	0.844549	0.173813888889	-0.93662037037
10.3	0.847926	0.152283333333	-1.42505787037
10.32	0.850801	0.119881944444	-2.04721450617
10.34	0.853035	0.0703527777778	-2.63466820988
10.36	0.853814	0.00921666666667	-2.91296489198
10.38	0.853451	-0.0539486111111	-2.74661844136
10.4	0.851511	-0.108463888889	-2.15809799383
10.42	0.848688	-0.141301388889	-1.47246334877
10.44	0.845726	-0.163595833333	-0.944197530864
10.46	0.842072	-0.178865277778	-0.47481867284
10.48	0.838279	-0.180019444444	-0.163715277778
10.5	0.834902	-0.181029166667	-0.0600520833334
10.52	0.831109	-0.1833375	0.0586111111111
10.54	0.827455	-0.180476388889	0.230549768519
10.56	0.823766	-0.1721375	0.317554012346
10.58	0.820631	-0.165286111111	0.289124228395
10.6	0.817236	-0.162052777778	0.304994212963
10.62	0.813998	-0.152956944444	0.322326388889
10.64	0.811244	-0.148488888889	0.32006558642
10.66	0.80804	-0.142788888889	0.415353009259
10.68	0.805338	-0.129629166667	0.412756558642
10.7	0.803035	-0.123622222222	0.302648533951
10.72	0.800471	-0.120740277778	0.314292052469
10.74	0.798029	-0.111518055556	0.350991512346
10.76	0.796072	-0.104394444444	0.307681327161
10.78	0.793959	-0.101140277778	0.336614583333
10.8	0.791864	-0.0914736111111	0.375158179012
10.82	0.790322	-0.0832916666667	0.301207561728
10.84	0.788643	-0.0793444444444	0.231545138889
10.86	0.787188	-0.0771916666667	0.296610725309
10.88	0.785404	-0.0685333333333	0.413080632716
10.9	0.784417	-0.0581486111111	0.422690972222
10.92	0.783152	-0.0506430555556	0.378614969136
10.94	0.78239	-0.0433652777778	0.337704475309
10.96	0.781438	-0.0374986111111	0.314023919753
10.98	0.780866	-0.0307430555556	0.299610339506
11	0.78026	-0.0259027777778	0.309168595679
11.02	0.77981	-0.0198722222222	0.376554783951
11.04	0.779359	-0.00976527777778	0.397432484568
11.06	0.779481	-0.00180138888889	0.324886188272
11.08	0.779394	0.00155833333333	0.30803433642
11.1	0.779394	0.0103875	0.296460262346
11.12	0.779896	0.0153236111111	0.223283179012
11.14	0.780104	0.0169458333333	0.255021219136
11.16	0.780451	0.0235569444444	0.363686342593
11.18	0.780953	0.0339416666667	0.377851080247
11.2	0.781923	0.0404111111111	0.314783950617
11.22	0.782633	0.0440166666667	0.338097993827
11.24	0.783499	0.0544763888889	0.342841435185
11.26	0.784936	0.0601569444444	0.256180555556
11.28	0.78601	0.0617541666667	0.281473765432
11.3	0.787188	0.0714958333333	0.302222222222
11.32	0.788972	0.0769236111111	0.21559220679
11.34	0.790409	0.0772861111111	0.249419367284
11.36	0.791899	0.0841638888889	0.392762345679
11.38	0.793665	0.0960416666667	0.410812114198
11.4	0.795882	0.102536111111	0.328391203704
11.42	0.797752	0.108647222222	0.253452932099
11.44	0.800246	0.113275	0.169064429012
11.46	0.802411	0.112944444444	0.20458912037
11.48	0.804611	0.119291666667	0.332052469136
11.5	0.807105	0.128826388889	0.353306327161
11.52	0.809858	0.135152777778	0.294774305556
11.54	0.81256	0.139154166667	0.27931712963
11.56	0.815331	0.146276388889	0.267640817901
11.58	0.818466	0.151277777778	0.203506944444
11.6	0.821462	0.152933333333	0.193894675926
11.62	0.824458	0.159073611111	0.183111496914
11.64	0.827905	0.162006944444	0.102471064815
11.66	0.831022	0.161404166667	0.0795081018519
11.68	0.834209	0.166075	0.00459683641976
11.7	0.837794	0.164656944444	-0.209454089506
11.72	0.840929	0.156816666667	-0.419444444444
11.74	0.844012	0.148679166667	-0.694706790123
11.76	0.847008	0.1327	-1.1420621142
11.78	0.849571	0.103329166667	-1.61996720679
11.8	0.851216	0.0669194444444	-2.03266975309
11.82	0.852446	0.0202138888889	-2.30257908951
11.84	0.852152	-0.0321388888889	-2.20952160494
11.86	0.850887	-0.0722888888889	-1.87113425926
11.88	0.84919	-0.106777777778	-1.4801871142
11.9	0.84654	-0.133909722222	-0.978668981482
11.92	0.843544	-0.146176388889	-0.494214891975
11.94	0.840513	-0.148820833333	-0.235731095679
11.96	0.837673	-0.152597222222	-0.132698688272
11.98	0.834434	-0.156465277778	0.0336612654321
12	0.831196	-0.15105	0.181267361111
12.02	0.828425	-0.146031944444	0.192521219136
12.04	0.825446	-0.144231944444	0.222131558642
12.06	0.822519	-0.137304166667	0.25481867284
12.08	0.820025	-0.132827777778	0.246153549383
12.1	0.817254	-0.129747222222	0.323032407407
12.12	0.814639	-0.119072222222	0.362133487654
12.14	0.812595	-0.112293055556	0.283817515432
12.16	0.810274	-0.110481944444	0.312687114198
12.18	0.807971	-0.100693055556	0.381765046296
12.2	0.806308	-0.0929541666667	0.364351851852
12.22	0.804316	-0.0873666666667	0.384249614198
12.24	0.802671	-0.0767305555556	0.363047839506
12.26	0.801372	-0.0711513888889	0.279955632716
12.28	0.7999	-0.0684597222222	0.31247492284
12.3	0.798445	-0.0587194444444	0.352627314815
12.32	0.797631	-0.0517652777778	0.296066743827
12.34	0.796488	-0.0491680555556	0.324701003086
12.36	0.795466	-0.0390388888889	0.364911265432
12.38	0.795016	-0.0322083333333	0.317158564815
12.4	0.794271	-0.0287458333333	0.35815779321
12.42	0.793665	-0.0176791666667	0.387291666667
12.44	0.793665	-0.0105152777778	0.308821373457
12.46	0.793353	-0.00762777777778	0.315023148148
12.48	0.79318	0.00199444444444	0.320491898148
12.5	0.793526	0.00745972222222	0.245979938272
12.52	0.793561	0.0100666666667	0.249513888889
12.54	0.793856	0.0155416666667	0.327044753086
12.56	0.794098	0.0244319444444	0.354837962963
12.58	0.794877	0.0319722222222	0.284452160494
12.6	0.795484	0.0346416666667	0.255237268519
12.62	0.796159	0.0413430555556	0.268090277778
12.64	0.797198	0.0455805555556	0.285858410494
12.66	0.79796	0.0515291666667	0.35515625
12.68	0.79919	0.0603361111111	0.387471064815
12.7	0.800368	0.0690319444444	0.332021604938
12.72	0.80203	0.0744875	0.238701774691
12.74	0.803433	0.0760763888889	0.248113425926
12.76	0.804922	0.0836319444444	0.297783564815
12.78	0.80681	0.0901069444444	0.266535493827
12.8	0.808611	0.0934527777778	0.260584490741
12.82	0.810447	0.100265277778	0.261792052469
12.84	0.812664	0.105438888889	0.208080632716
12.86	0.81476	0.106851388889	0.222488425926
12.88	0.816786	0.114013888889	0.253422067901
12.9	0.819384	0.118966666667	0.206990740741
12.92	0.821635	0.120365277778	0.226626157407
12.94	0.824008	0.1289125	0.20181712963
12.96	0.826935	0.131126388889	0.0743055555556
12.98	0.82936	0.129172222222	0.0585763888889
13	0.831975	0.131855555556	0.104947916667
13.02	0.834607	0.135658333333	0.0497588734568
13.04	0.837482	0.135740277778	-0.111755401235
13.06	0.84008	0.132258333333	-0.339502314815
13.08	0.842886	0.122731944444	-0.602447916667
13.1	0.845103	0.106679166667	-0.818416280864
13.12	0.847077	0.0914263888889	-1.09331597222
13.14	0.848982	0.06505	-1.4353587963
13.16	0.849866	0.0298555555556	-1.58264660494
13.18	0.850056	-0.0016375	-1.55670138889
13.2	0.849762	-0.0316388888889	-1.50842592593
13.22	0.848878	-0.0634430555556	-1.36211612654
13.24	0.847146	-0.0904694444444	-1.02408950617
13.26	0.844964	-0.103791666667	-0.695758101852
13.28	0.843007	-0.114930555556	-0.506730324074
13.3	0.840409	-0.125969444444	-0.265758101852
13.32	0.83769	-0.124855555556	-0.0691705246913
13.34	0.835491	-0.125530555556	-0.0118441358025
13.36	0.83272	-0.127273611111	0.104002700617
13.38	0.830191	-0.120515277778	0.171165123457
13.4	0.828009	-0.118058333333	0.147102623457
13.42	0.825515	-0.116616666667	0.201741898148
13.44	0.823246	-0.111295833333	0.306331018519
13.46	0.820995	-0.1026375	0.342108410494
13.48	0.819211	-0.0965152777778	0.323757716049
13.5	0.817132	-0.0903986111111	0.326311728395
13.52	0.815574	-0.0834194444444	0.321153549383
13.54	0.813807	-0.0772902777778	0.304353780864
13.56	0.812456	-0.0702555555556	0.255337577161
13.58	0.811123	-0.0681611111111	0.256745756173
13.6	0.809651	-0.0625680555556	0.358967978395
13.62	0.808473	-0.0512722222222	0.355634645062
13.64	0.807745	-0.0458041666667	0.253871527778
13.66	0.806741	-0.0441875	0.27772183642
13.68	0.80584	-0.0369944444444	0.394926697531
13.7	0.805165	-0.0258569444444	0.413790509259
13.72	0.804905	-0.0181416666667	0.33209683642
13.74	0.804541	-0.0148875	0.33012345679
13.76	0.804143	-0.00545	0.352785493827
13.78	0.804386	0.00156388888889	0.28959683642
13.8	0.804316	0.00420694444445	0.305787037037
13.82	0.804403	0.0130402777778	0.348549382716
13.84	0.804888	0.0196722222222	0.325611496914
13.86	0.805182	0.026625	0.274172453704
13.88	0.805996	0.0311347222222	0.207827932099
13.9	0.806499	0.0329583333333	0.236682098765
13.92	0.807226	0.0386944444444	0.34747492284
13.94	0.807953	0.0486097222222	0.381491126543
13.96	0.809235	0.0560916666667	0.310582561728
13.98	0.810239	0.0610736111111	0.228420138889
14	0.811694	0.0648875	0.172293595679
14.02	0.812907	0.0658236111111	0.22184992284
14.04	0.814206	0.0723527777778	0.332945601852
14.06	0.815747	0.0811277777778	0.358400848765
14.08	0.817496	0.0884736111111	0.302326388889
14.1	0.819367	0.0922986111111	0.269467592593
14.12	0.821116	0.0984236111111	0.269488811728
14.14	0.823298	0.104748611111	0.205327932099
14.16	0.825428	0.105956944444	0.164519675926
14.18	0.827437	0.110659722222	0.150111882716
14.2	0.829897	0.113426388889	0.0786342592593
14.22	0.832062	0.112544444444	0.0509664351852
14.24	0.834278	0.115891666667	-0.00477044753087
14.26	0.83679	0.114598611111	-0.150978009259
14.28	0.838972	0.108648611111	-0.253537808642
14.3	0.841102	0.103070833333	-0.31555941358
14.32	0.843042	0.0983305555556	-0.478688271605
14.34	0.845189	0.0864305555556	-0.756612654321
14.36	0.846662	0.0660555555556	-0.966087962963
14.38	0.847735	0.0474847222222	-1.14971064815
14.4	0.848723	0.0211208333333	-1.3386400463
14.42	0.848705	-0.0103708333333	-1.31531828704
14.44	0.848134	-0.0346444444444	-1.1273128858
14.46	0.84725	-0.0545902777778	-0.945707947531
14.48	0.845951	-0.0728611111111	-0.743705632716
14.5	0.844202	-0.0842597222222	-0.553601466049
14.52	0.842574	-0.0941722222222	-0.411338734568
14.54	0.840357	-0.100230555556	-0.296709104938
14.56	0.838539	-0.104516666667	-0.239631558642
14.58	0.836287	-0.11205	-0.090837191358
14.6	0.833845	-0.110020833333	0.122498070988
14.62	0.831767	-0.102873611111	0.157496141975
14.64	0.829914	-0.102108333333	0.118518518518
14.66	0.827697	-0.101844444444	0.213790509259
14.68	0.825619	-0.0929486111111	0.289716435185
14.7	0.824077	-0.0871958333333	0.247023533951
14.72	0.822242	-0.0855625	0.29197337963
14.74	0.82044	-0.0757527777778	0.344189814815
14.76	0.819297	-0.0690013888889	0.287883873457
14.78	0.817791	-0.0664527777778	0.310848765432
14.8	0.81644	-0.0564111111111	0.322135416667
14.82	0.815643	-0.0510736111111	0.247644675926
14.84	0.8145	-0.0491013888889	0.284141589506
14.86	0.813547	-0.0419277777778	0.406834490741
14.88	0.812716	-0.0300597222222	0.414471450617
14.9	0.812474	-0.0232375	0.319494598765
14.92	0.811815	-0.0183736111111	0.259957561728
14.94	0.811712	-0.01305	0.225790895062
14.96	0.811383	-0.0108736111111	0.271005015432
14.98	0.811175	-0.00400416666667	0.383763503086
15	0.811105	0.00730972222222	0.376957947531
15.02	0.811608	0.0134236111111	0.267839506173
15.04	0.811746	0.0148652777778	0.273904320988
15.06	0.811989	0.0242930555556	0.290387731481
15.08	0.812837	0.0290791666667	0.212791280864
15.1	0.813253	0.0300736111111	0.241375385802
15.12	0.813842	0.0385138888889	0.279496527778
15.14	0.814881	0.0436625	0.229118441358
15.16	0.815678	0.0456347222222	0.254211033951
15.18	0.816544	0.0535638888889	0.288360339506
15.2	0.817877	0.0594861111111	0.235343364198
15.22	0.819038	0.0610763888889	0.250389660494
15.24	0.820146	0.0692291666667	0.268466435185
15.26	0.821861	0.0747138888889	0.179419367284
15.28	0.823281	0.0747777777778	0.162640817901
15.3	0.82477	0.0782472222222	0.254664351852
15.32	0.82626	0.0872180555556	0.251178626543
15.34	0.828355	0.0924111111111	0.077762345679
15.36	0.830191	0.0875333333333	0.0107195216049
15.38	0.831663	0.0898208333333	0.0736670524691
15.4	0.833759	0.0932083333333	0.0328260030864
15.42	0.835525	0.0913069444444	-0.0293229166666
15.44	0.837309	0.0924958333333	-0.123423996914
15.46	0.839353	0.0877833333333	-0.273045910494
15.48	0.840912	0.0789458333333	-0.321226851852
15.5	0.842349	0.0754555555556	-0.392472993827
15.52	0.844064	0.0661194444444	-0.581705246914
15.54	0.845137	0.0501027777778	-0.700989583333
15.56	0.845917	0.0383944444444	-0.827035108025
15.58	0.846852	0.0187847222222	-0.997970679012
15.6	0.8468	-0.00622916666667	-0.958449074074
15.62	0.84635	-0.0211013888889	-0.836545138889
15.64	0.846003	-0.0371944444444	-0.797079475309
15.66	0.844912	-0.0542388888889	-0.703478009259
15.68	0.843717	-0.0661597222222	-0.572276234568
15.7	0.842263	-0.0770833333333	-0.425491898148
15.72	0.840583	-0.0841	-0.240326003086
15.74	0.838816	-0.0868236111111	-0.065837191358
15.76	0.836997	-0.0843319444444	0.00179976851851
15.78	0.835543	-0.0850944444444	-0.00842206790125
15.8	0.833638	-0.0874416666667	0.0826427469136
15.82	0.831836	-0.081325	0.157067901235
15.84	0.830486	-0.0786722222222	0.133956404321
15.86	0.828754	-0.078225	0.194214891975
15.88	0.827178	-0.0707763888889	0.250011574074
15.9	0.826017	-0.0665416666667	0.241869212963
15.92	0.824545	-0.0630194444444	0.299184027778
15.94	0.823333	-0.053425	0.306057098765
15.96	0.822536	-0.0487388888889	0.235551697531
15.98	0.821462	-0.046975	0.278152006173
16	0.820458	-0.0376402777778	0.320227623457
16.02	0.820025	-0.0311319444444	0.251749614198
16.04	0.819349	-0.0295166666667	0.264658564815
16.06	0.818726	-0.0231152777778	0.375268132716
16.08	0.81831	-0.0121708333333	0.393609182099
16.1	0.818345	-0.00497916666667	0.309396219136
16.12	0.818206	-0.00201805555556	0.304537037037
16.14	0.81812	0.00654583333333	0.324104938272
16.16	0.818518	0.0128902777778	0.261703317901
16.18	0.818674	0.0172430555556	0.189623842593
16.2	0.819228	0.0203430555556	0.132708333333
16.22	0.819574	0.0200888888889	0.188107638889
16.24	0.819869	0.0268069444444	0.287469135802
16.26	0.820614	0.0347333333333	0.258786651235
16.28	0.821393	0.0376819444444	0.203605324074
16.3	0.82212	0.0404041666667	0.238545524691
16.32	0.822882	0.0478486111111	0.253171296296
16.34	0.824112	0.0525222222222	0.188466435185
16.36	0.825065	0.0536930555556	0.182731481482
16.38	0.826121	0.0599208333333	0.173910108025
16.4	0.827559	0.0622277777778	0.106072530864
16.42	0.828667	0.0622458333333	0.110954861111
16.44	0.829914	0.0670805555556	0.100665509259
16.46	0.831455	0.0678069444444	0.0335320216049
16.48	0.832685	0.0662472222222	0.0442148919753
16.5	0.833949	0.0702916666667	0.0173977623457
16.52	0.835595	0.0697333333333	-0.114600694444
16.54	0.836876	0.0637597222222	-0.164398148148
16.56	0.838071	0.0603736111111	-0.106655092593
16.58	0.839162	0.0617027777778	-0.135704089506
16.6	0.840669	0.0578847222222	-0.289087577161
16.62	0.841622	0.0475583333333	-0.351815200617
16.64	0.842401	0.0430305555556	-0.380028935185
16.66	0.843423	0.0349458333333	-0.501062885803
16.68	0.843942	0.021025	-0.543985339506
16.7	0.844116	0.0121736111111	-0.541014660494
16.72	0.844479	0.00132361111111	-0.600337577161
16.74	0.844289	-0.0140402777778	-0.566604938272
16.76	0.843735	-0.0222291666667	-0.490609567901
16.78	0.84344	-0.0316097222222	-0.484288194444
16.8	0.842557	-0.0436055555556	-0.396222993827
16.82	0.841518	-0.0481527777778	-0.284552469136
16.84	0.840635	-0.0526388888889	-0.259108796296
16.86	0.839491	-0.0592041666667	-0.201971450617
16.88	0.83821	-0.0630236111111	-0.0562075617284
16.9	0.836824	-0.0604513888889	0.0518132716049
16.92	0.835837	-0.0586666666667	0.0589448302469
16.94	0.834538	-0.0593138888889	0.101884645062
16.96	0.833326	-0.0542166666667	0.12434220679
16.98	0.832477	-0.0534222222222	0.104714506173
17	0.831144	-0.0508041666667	0.11118441358
17.02	0.830416	-0.0475375	0.0672453703704
17.04	0.829377	-0.0493138888889	0.0882002314815
17.06	0.828355	-0.0469319444444	0.232332175926
17.08	0.827368	-0.0386833333333	0.316697530864
17.1	0.826848	-0.0317305555556	0.284297839506
17.12	0.826138	-0.0266208333333	0.213047839506
17.14	0.825844	-0.0244069444444	0.196336805556
17.16	0.825134	-0.0207569444444	0.269299768519
17.18	0.824926	-0.0132291666667	0.320906635802
17.2	0.824597	-0.0056	0.272390046296
17.22	0.824788	-0.00149722222222	0.188794367284
17.24	0.824614	-0.000709722222222	0.215329861111
17.26	0.824614	0.00598472222222	0.293296682099
17.28	0.824839	0.0135208333333	0.268846450617
17.3	0.825255	0.0171083333333	0.216512345679
17.32	0.82548	0.0216819444444	0.180997299383
17.34	0.826156	0.0247847222222	0.137951388889
17.36	0.826537	0.0253291666667	0.175619212963
17.38	0.827022	0.0317902777778	0.21653742284
17.4	0.82787	0.035975	0.175339506173
17.42	0.828528	0.037625	0.166967592593
17.44	0.829256	0.0432555555556	0.125304783951
17.46	0.830347	0.0447375	0.0115084876544
17.48	0.831178	0.0411791666667	0.00965856481483
17.5	0.831871	0.0423847222222	0.123202160494
17.52	0.832754	0.0486694444444	0.140102237654
17.54	0.833967	0.0495125	0.0840837191358
17.56	0.834729	0.0502236111111	0.0796412037037
17.58	0.835872	0.0543277777778	-0.000378086419718
17.6	0.837049	0.0519027777778	-0.149155092593
17.62	0.838002	0.0466888888889	-0.228819444444
17.64	0.838885	0.0417555555556	-0.249571759259
17.66	0.839699	0.036275	-0.235619212963
17.68	0.84034	0.0309569444444	-0.175887345679
17.7	0.84079	0.0311986111111	-0.209976851852
17.72	0.841708	0.0259152777778	-0.381199845679
17.74	0.842003	0.0132583333333	-0.436398533951
17.76	0.842124	0.00499722222222	-0.344239969136
17.78	0.842089	0.00115277777778	-0.304888117284
17.8	0.842245	-0.00485	-0.359510030864
17.82	0.842003	-0.0154083333333	-0.33587191358
17.84	0.841449	-0.0189791666667	-0.275327932099
17.86	0.84131	-0.0246097222222	-0.277885802469
17.88	0.840531	-0.0323805555556	-0.192515432099
17.9	0.839803	-0.0316791666667	-0.133354552469
17.92	0.839388	-0.0355027777778	-0.158213734568
17.94	0.838435	-0.0408236111111	-0.0756269290124
17.96	0.837552	-0.0382527777778	-0.00179976851852
17.98	0.836997	-0.0386069444444	-0.0135513117284
18	0.83608	-0.0412986111111	0.0634722222223
18.02	0.835127	-0.0355375	0.112988040123
18.04	0.834763	-0.0337055555556	0.0408506944444
18.06	0.833897	-0.0363902777778	0.0620235339506
18.08	0.833118	-0.0318888888889	0.110298996914
18.1	0.832685	-0.0297486111111	0.0776446759259
18.12	0.83201	-0.0303583333333	0.102077546296
18.14	0.831334	-0.0259388888889	0.132430555556
18.16	0.831005	-0.0229305555556	0.0901022376543
18.18	0.830537	-0.0240569444444	0.123186728395
18.2	0.829931	-0.0204638888889	0.249594907407
18.22	0.829585	-0.0114958333333	0.271728395062
18.24	0.829602	-0.00719305555556	0.188269675926
18.26	0.829377	-0.00649305555556	0.192712191358
18.28	0.829169	0.000584722222222	0.200173611111
18.3	0.829516	0.00332638888889	0.140825617284
18.32	0.82936	0.00382222222222	0.16753279321
18.34	0.829481	0.0112083333333	0.14181712963
18.36	0.829966	0.0119597222222	0.0257002314815
18.38	0.830053	0.00906805555556	0.0433892746913
18.4	0.830174	0.0122305555556	0.126604938272
18.42	0.830537	0.0158680555556	0.149257330247
18.44	0.830849	0.0186458333333	0.14472029321
18.46	0.831282	0.0211055555556	0.145119598765
18.48	0.831629	0.025575	0.102166280864
18.5	0.832408	0.0260958333333	0.0262229938271
18.52	0.832737	0.0236708333333	0.0702102623457
18.54	0.833153	0.0294402777778	0.09515625
18.56	0.834053	0.0296597222222	0.0260416666667
18.58	0.834348	0.0293027777778	-0.00644097222221
18.6	0.835162	0.0305666666667	-0.0815297067901
18.62	0.835733	0.0253958333333	-0.116427469136
18.64	0.836114	0.0230041666667	-0.0343422067901
18.66	0.836513	0.0258680555556	-0.0228607253086
18.68	0.837275	0.0241986111111	-0.0973958333333
18.7	0.837552	0.0194305555556	-0.0808217592592
18.72	0.837881	0.0212527777778	-0.0807349537037
18.74	0.838504	0.0184625	-0.167175925926
18.76	0.838677	0.0135416666667	-0.2090625
18.78	0.839041	0.00842222222222	-0.182820216049
18.8	0.838937	0.00625694444444	-0.146294367284
18.82	0.839301	0.00425555555556	-0.175653935185
18.84	0.839214	-0.00219444444444	-0.151323302469
18.86	0.839058	-0.00216111111111	-0.114863040123
18.88	0.839197	-0.00511666666667	-0.14834683642
18.9	0.838868	-0.00865972222222	-0.155551697531
18.92	0.838833	-0.0113986111111	-0.157743055556
18.94	0.83847	-0.0164541666667	-0.0950096450617
18.96	0.838019	-0.014775	-0.0486419753086
18.98	0.837967	-0.0166111111111	-0.0769984567901
19	0.837379	-0.0192819444444	-0.045825617284
19.02	0.837119	-0.0186194444444	-0.00630401234567
19.04	0.836686	-0.0197791666667	0.0415007716049
19.06	0.836218	-0.0163611111111	0.0608641975309
19.08	0.836097	-0.0155888888889	0.00751543209877
19.1	0.835681	-0.0181347222222	0.0349980709877
19.12	0.835214	-0.0146263888889	0.0827642746914
19.14	0.835144	-0.0127041666667	0.0501871141975
19.16	0.834798	-0.0142138888889	0.0745543981481
19.18	0.834417	-0.00977083333333	0.100729166667
19.2	0.834486	-0.00825833333333	0.0568942901235
19.22	0.834174	-0.00995972222222	0.110447530864
19.24	0.833897	-0.00393472222222	0.159980709877
19.26	0.834088	-0.000877777777778	0.0923302469136
19.28	0.833915	-0.000283333333333	0.0190181327161
19.3	0.834071	-0.000247222222222	-0.0389930555556
19.32	0.834001	-0.00378055555556	-0.00099537037039
19.34	0.833811	-0.00240416666667	0.121984953704
19.36	0.833776	0.00404444444444	0.122077546296
19.38	0.834123	0.00483472222222	0.0192708333334
19.4	0.834053	0.001875	0.0238194444445
19.42	0.834019	0.00553194444445	0.0458159722222
19.44	0.834365	0.00581111111111	-0.00711612654323
19.46	0.83433	0.00317083333333	0.0183179012345
19.48	0.83433	0.00659861111111	0.0397916666667
19.5	0.834677	0.00679027777778	-0.0154417438272
19.52	0.834677	0.00420138888889	-0.00550925925926
19.54	0.834711	0.00643611111111	0.00838927469138
19.56	0.834988	0.00647222222222	-0.0434471450617
19.58	0.835075	0.00277083333333	-0.0144097222222
19.6	0.834971	0.00425972222222	0.074905478395
19.62	0.835179	0.00832083333333	0.0609452160494
19.64	0.835421	0.00808472222222	-0.0173514660494
19.66	0.835543	0.00558055555556	-0.0209683641975
19.68	0.835525	0.00749861111111	-0.0233101851852
19.7	0.835958	0.00522361111111	-0.0430420524691
19.72	0.835716	0.00372916666667	0.0113831018519
19.74	0.835958	0.00781666666667	-0.0230555555556
19.76	0.836218	0.00431111111111	-0.116207561728
19.78	0.836149	1.38888888816E-06	-0.0857523148148
19.8	0.836062	0.00132777777778	-0.0639776234568
19.82	0.836305	-0.000904166666667	-0.0982175925926
19.84	0.83608	-0.005	-0.0445100308642
19.86	0.835924	-0.00216388888889	-0.0161381172839
19.88	0.83608	-0.00295972222222	-0.084475308642
19.9	0.835924	-0.00784583333333	-0.0543885030864
19.92	0.835647	-0.00782916666667	0.0809645061728
19.94	0.835473	-0.00210138888889	0.117606095679
19.96	0.835681	-0.000522222222222	0.0416377314815
19.98	0.835543	-0.00288194444444	0.052756558642
20	0.835404	0.0010625	0.0835763888889
20.02	0.835647	0.00248333333333	0.0314506172839
20.04	0.835543	0.00213888888889	-0.0179282407408
20.06	0.835716	0.00180277777778	-0.0610397376543
20.08	0.835699	-0.00161944444444	-0.0371334876543
20.1	0.835577	-0.00161944444444	0.0625771604938
20.12	0.835508	0.00324722222222	0.0640740740741
20.14	0.835837	0.00322222222222	-0.0303587962963
20.16	0.835733	-0.000863888888888	-0.0186651234568
20.18	0.835612	0.00209444444445	0.0133352623457
20.2	0.835889	0.00238055555555	-0.053912037037
20.22	0.835837	-0.00230833333333	-0.0339988425926
20.24	0.835612	0.000240277777778	0.0120563271605
20.26	0.835889	0.000718055555555	-0.0360609567901
20.28	0.835733	-0.00195138888889	-0.0481153549383
20.3	0.835785	-0.00346666666667	0.0237982253086
20.32	0.835473	-0.000383333333333	0.0728047839506
20.34	0.835785	0.00258194444444	-0.00525462962963
20.36	0.835768	-0.00232916666667	-0.0216608796296
20.38	0.835508	-0.000166666666667	0.0410493827161
20.4	0.835768	0.00187777777778	0.00774884259259
20.42	0.835716	-0.00110833333333	0.0221334876543
20.44	0.83556	0.00238055555556	0.0438792438272
20.46	0.835889	0.00250694444444	-0.0127102623457
20.48	0.835699	0.00106111111111	-0.0420061728395
20.5	0.835872	0.00133888888889	-0.089949845679
20.52	0.835854	-0.00274027777778	-0.107737268519
20.54	0.835751	-0.00547777777778	-0.0121875
20.56	0.835543	-0.00421666666667	0.120356867284
20.58	0.835473	0.00211944444444	0.126923225309
20.6	0.835751	0.00323194444444	0.0165200617284
20.62	0.835647	0.00170416666667	-0.0506616512346
20.64	0.83582	6.11111111106E-05	-0.0583757716049
20.66	0.835681	-0.00267916666667	0.0230594135803
20.68	0.835525	0.00224027777778	0.0542862654321
20.7	0.835889	0.00251388888889	-0.0397415123457
20.72	0.835751	-0.00220694444444	-0.0272395833333
20.74	0.835595	0.000856944444444	0.00613040123457
20.76	0.835854	0.000863888888889	-0.0595138888889
20.78	0.835751	-0.00325	-0.0513271604938
20.8	0.835629	-0.00369166666667	0.0511824845679
20.82	0.835473	0.00108055555556	0.0654166666667
20.84	0.835802	0.00116666666667	-0.0167168209876
20.86	0.835595	-0.002175	-0.00427083333333
20.88	0.835543	0.00101388888889	0.0146315586419
20.9	0.835751	-0.000102777777779	-0.0193267746914
20.92	0.83556	-0.00184166666667	0.0239158950617
20.94	0.835525	0.00199027777778	0.0243653549383
20.96	0.835785	0.000455555555556	-0.020787037037
20.98	0.835577	-0.00211805555556	0.0558950617284
21	0.835473	0.00392777777778	0.0782793209876
21.02	0.835872	0.00459722222222	-0.0430362654321
21.04	0.835802	-0.000668055555555	-0.0570505401234
21.06	0.835647	0.00128472222222	-0.0242013888889
21.08	0.835924	0.000623611111111	-0.0682021604938
21.1	0.835768	-0.00346944444444	-0.0324749228395
21.12	0.835612	-0.000922222222222	0.0131442901235
21.14	0.835802	-0.000958333333333	-0.0137229938272
21.16	0.835647	-0.00340833333333	0.0313831018518
21.18	0.835508	0.000244444444444	0.0696257716049
21.2	0.835699	0.00197638888889	0.00677854938271
21.22	0.835699	-0.000394444444445	-0.0215219907407
21.24	0.835629	-0.000945833333334	0.0274845679012
21.26	0.83556	0.00228472222222	0.0207330246914
21.28	0.835837	0.001275	-0.0401697530864
21.3	0.835664	-0.001975	-0.00201581790123
21.32	0.835577	0.00165833333333	0.0205015432099
21.34	0.835837	0.00120833333333	-0.0448418209877
21.36	0.835716	-0.00261805555556	-0.0133854166667
21.38	0.83556	7.49999999994E-05	0.0461959876543
21.4	0.835768	0.00132638888889	0.0286284722222
21.42	0.835699	-0.000416666666666	0.0641107253086
21.44	0.835577	0.00429444444444	0.0736168981481
21.46	0.835958	0.00550833333333	-0.0403896604938
21.48	0.835941	0.000529166666666	-0.0737692901234
21.5	0.835802	0.00214583333333	-0.0869888117284
21.52	0.836149	-0.00155416666667	-0.139959490741
21.54	0.835768	-0.00572222222222	-0.0935976080247
21.56	0.83582	-0.00589583333333	-0.0273263888889
21.58	0.835508	-0.005175	-0.0201581790124
21.6	0.835664	-0.00582361111111	-0.0471180555555
21.62	0.835352	-0.00964583333333	0.028699845679
21.64	0.835075	-0.00494722222222	0.120877700617
21.66	0.835214	-0.00225555555556	0.0845775462963
21.68	0.835058	-0.00187777777778	-0.547112268519
21.7	0.835006	0.00350694444444	-4.3055150463
21.72	0.835231	-0.0120111111111	-19.6126948302
21.74	0.835404	-0.4342375	-49.265628858
21.76	0.835473	-1.71777222222	-80.5194155093
21.78	0.821739	-5.0360125	-46.2404822531
21.8	0.56003	-5.00272222222	49.9580015432
21.82	0.546798	-1.58236388889	84.0312770062
21.84	0.554107	-0.296229166667	55.9773919753
21.86	0.552011	0.188056944444	42.1066705247
21.88	0.558662	0.754101388889	53.6082388117
21.9	0.565641	2.06345138889	72.2593981482
21.92	0.597907	4.92365972222	32.6656963735
21.94	0.835681	4.47735138889	-53.7429513889
21.96	0.835577	1.33662916667	-77.0683410494
21.98	0.835941	0.234675	-43.9084162809
22	0.832425	-0.171219444444	-13.3408719136
22.02	0.82212	0.0429708333333	1.85812692901
22.04	0.835924	0.183379166667	0.595015432099
22.06	0.835751	0.0570111111111	-2.27491898148
22.08	0.835595	0.0160847222222	-3.02355131173
22.1	0.835785	-0.0251888888889	-6.18690200617
22.12	0.835439	-0.0990319444444	-17.6515952932
22.14	0.83485	-0.546952777778	-36.8004070216
22.16	0.821895	-1.42324861111	-56.0428665123
22.18	0.813963	-3.6382625	-34.9034104938
22.2	0.629151	-3.7230375	25.1663503086
22.22	0.617893	-1.68224861111	44.6545061728
22.24	0.601457	-1.1255	25.9839139661
22.26	0.580207	-0.924551388889	13.6725327932
22.28	0.56119	-0.790975	10.3309378858
22.3	0.54666	-0.545306944444	10.9241986883
22.32	0.539576	-0.300363888889	9.48240509259
22.34	0.535957	-0.132581666667	6.52512847222
22.36	0.536112	-0.0514861111111	3.85354108796
22.38	0.535506	-0.0302138888889	2.13528703704
