Time	Position	Velocity	Acceleration
0.02	0.169065	0.184683333333	-0.932923611111
0.04	0.173191	0.161729166667	-0.597903935185
0.06	0.175532	0.1516825	-0.0703194444444
0.08	0.179016	0.154420833333	0.626856481481
0.1	0.181357	0.176394444444	1.31485300926
0.12	0.185657	0.218026388889	1.43805864198
0.14	0.190425	0.244720833333	1.01614197531
0.16	0.195747	0.256858333333	0.607563657407
0.18	0.200706	0.264834722222	0.386608796296
0.2	0.206358	0.271234722222	0.268454861111
0.22	0.211663	0.273190277778	0.278559027778
0.24	0.217125	0.281588888889	0.337170138889
0.26	0.222967	0.288616666667	0.328564814815
0.28	0.228758	0.2928875	0.387224151235
0.3	0.234514	0.303801388889	0.440142746914
0.32	0.240912	0.314280555556	0.330941358025
0.34	0.247258	0.317254166667	0.214529320988
0.36	0.253603	0.320041666667	0.21837962963
0.38	0.260018	0.324356944444	0.291807484568
0.4	0.26645	0.333831944444	0.278937114198
0.42	0.27349	0.338455555556	0.138956404321
0.44	0.28013	0.336665277778	0.110547839506
0.46	0.286788	0.341330555556	0.169014274691
0.48	0.293861	0.343669444444	0.241952160494
0.5	0.300502	0.348563888889	0.410765817901
0.52	0.307593	0.362159722222	0.484357638889
0.54	0.315117	0.371077777778	0.42197337963
0.56	0.322521	0.3767625	0.437274305556
0.58	0.330028	0.388163888889	0.475408950617
0.6	0.338107	0.397265277778	0.488832947531
0.62	0.34603	0.404309722222	0.626005015432
0.64	0.354058	0.420233333333	0.768562885802
0.66	0.362519	0.4473125	0.328559027778
0.68	0.372592	0.443327777778	-0.528931327161
0.7	0.38074	0.416316666667	-0.889554398148
0.72	0.389236	0.389956944444	-0.394290123457
0.74	0.395703	0.393270833333	0.474484953704
0.76	0.404458	0.422216666667	0.753113425926
0.78	0.413023	0.434169444444	0.479575617284
0.8	0.4219	0.441061111111	0.154602623457
0.82	0.430864	0.437158333333	-0.0186188271605
0.84	0.439377	0.433988888889	0.111894290123
0.86	0.447941	0.442368055556	0.233587962963
0.88	0.457165	0.447865277778	0.172702546296
0.9	0.466007	0.447433333333	0.16728587963
0.92	0.474884	0.453531944444	0.201039737654
0.94	0.484212	0.4572875	0.171608796296
0.96	0.493245	0.458676388889	0.206055169753
0.98	0.502399	0.465995833333	0.21994212963
1	0.511987	0.469436111111	0.162054398148
1.02	0.521262	0.469705555556	0.213454861111
1.04	0.530573	0.477798611111	0.276836419753
1.06	0.540455	0.4832125	0.249008487654
1.08	0.549991	0.485451388889	0.30494212963
1.1	0.559665	0.495709722222	0.34574845679
1.12	0.569929	0.501834722222	0.287839506173
1.14	0.579829	0.504680555556	0.323493441358
1.16	0.58992	0.514883333333	0.35143904321
1.18	0.600513	0.521423611111	0.285702160494
1.2	0.610898	0.5237875	0.326622299383
1.22	0.621318	0.5322	0.451365740741
1.24	0.632085	0.544844444444	0.441834490741
1.26	0.643216	0.552977777778	0.289801311728
1.28	0.654312	0.555691666667	0.170179398148
1.3	0.665477	0.556831944444	0.191400462963
1.32	0.676522	0.560923611111	0.324988425926
1.34	0.687756	0.571804166667	0.38138117284
1.36	0.699494	0.579086111111	0.31272183642
1.38	0.711024	0.582036111111	0.328553240741
1.4	0.722622	0.591211111111	0.383614969136
1.42	0.734707	0.599041666667	0.366423611111
1.44	0.746583	0.606644444444	0.312503858025
1.46	0.759014	0.612281944444	0.228452932099
1.48	0.771185	0.613273611111	0.246790123457
1.5	0.783356	0.621688888889	0.280711805556
1.52	0.7961	0.628093055556	0.141500771605
1.54	0.808635	0.627722222222	-0.126352237654
1.56	0.821101	0.629061111111	-0.926294367284
1.58	0.833982	0.6125	-3.09697337963
1.6	0.846258	0.541154166667	-7.08668402778
1.62	0.857683	0.352573611111	-11.8318904321
1.64	0.863543	0.0148805555556	-13.6698823302
1.66	0.857631	-0.292811111111	-10.577976466
1.68	0.848442	-0.437504166667	-5.66445408951
1.7	0.838612	-0.485377777778	-2.1037191358
1.72	0.828556	-0.489672222222	-0.308526234568
1.74	0.818812	-0.479075	0.256977237654
1.76	0.809502	-0.471493055556	0.264679783951
1.78	0.800087	-0.469708333333	0.232255015432
1.8	0.790569	-0.463101388889	0.228632330247
1.82	0.781623	-0.458820833333	0.170964506173
1.84	0.77233	-0.458736111111	0.215266203704
1.86	0.763071	-0.450718055556	0.281865354938
1.88	0.75435	-0.444656944444	0.254332561728
1.9	0.745422	-0.442975	0.335630787037
1.92	0.736475	-0.434408333333	0.538969907407
1.94	0.727876	-0.418372222222	0.607336033951
1.96	0.719848	-0.406356944444	0.499608410494
1.98	0.711717	-0.398984722222	0.400314429012
2	0.70388	-0.391808333333	0.363915895062
2.02	0.696061	-0.385544444444	0.379486882716
2.04	0.688363	-0.375602777778	0.357644675926
2.06	0.681133	-0.369577777778	0.267291666667
2.08	0.673661	-0.367197222222	0.26943287037
2.1	0.666292	-0.359013888889	0.295304783951
2.12	0.659409	-0.3546	0.303049768519
2.14	0.65211	-0.349636111111	0.414824459877
2.16	0.64521	-0.336183333333	0.444259259259
2.18	0.638812	-0.328823611111	0.355109953704
2.2	0.632154	-0.324844444444	0.380943287037
2.22	0.625687	-0.315726388889	0.488665123457
2.24	0.619429	-0.3027	0.494014274691
2.26	0.61369	-0.293681944444	0.396844135802
2.28	0.607778	-0.289069444444	0.375129243827
2.3	0.601969	-0.278858333333	0.366230709877
2.32	0.596716	-0.272395833333	0.291221064815
2.34	0.591185	-0.269958333333	0.326332947531
2.36	0.585724	-0.260247222222	0.397563657407
2.38	0.580783	-0.250569444444	0.336305941358
2.4	0.575894	-0.248313888889	0.331915509259
2.42	0.570675	-0.239358333333	0.412447916667
2.44	0.566306	-0.229455555556	0.405009645062
2.46	0.561625	-0.224254166667	0.433582175926
2.48	0.557152	-0.211955555556	0.446716820988
2.5	0.553251	-0.203975	0.36231095679
2.52	0.549089	-0.199784722222	0.365628858025
2.54	0.545084	-0.189247222222	0.367513503086
2.56	0.541634	-0.18315	0.301986882716
2.58	0.537837	-0.179968055556	0.345200617284
2.6	0.534231	-0.169079166667	0.379992283951
2.62	0.53118	-0.162173611111	0.320194830247
2.64	0.527851	-0.159098611111	0.369704861111
2.66	0.524609	-0.147956944444	0.437521219136
2.68	0.521973	-0.138468055556	0.387108410494
2.7	0.519199	-0.133563888889	0.379855324074
2.72	0.516547	-0.125568055556	0.46212962963
2.74	0.514085	-0.113584722222	0.484645061728
2.76	0.512091	-0.104819444444	0.436130401235
2.78	0.509872	-0.0959819444444	0.367341820988
2.8	0.508277	-0.0890069444444	0.26534529321
2.82	0.506456	-0.0876583333333	0.275478395062
2.84	0.504653	-0.0811736111111	0.420582561728
2.86	0.503058	-0.0683861111111	0.466479552469
2.88	0.502035	-0.0597625	0.387966820988
2.9	0.500735	-0.0543458333333	0.352858796296
2.92	0.499764	-0.0457791666667	0.33215470679
2.94	0.499001	-0.0408680555556	0.321957947531
2.96	0.498134	-0.0355194444444	0.416869212963
2.98	0.497406	-0.0232638888889	0.466921296296
3	0.497267	-0.0135361111111	0.382455632716
3.02	0.497007	-0.00936666666667	0.348082561728
3.04	0.496799	-0.00195	0.407534722222
3.06	0.496851	0.00871666666667	0.402374614198
3.08	0.497267	0.0148833333333	0.361014660494
3.1	0.497406	0.0221527777778	0.355005787037
3.12	0.498134	0.0301152777778	0.310185185185
3.14	0.498723	0.0334430555556	0.310557484568
3.16	0.49933	0.0423875	0.315673225309
3.18	0.500492	0.047925	0.253607253086
3.2	0.501324	0.0507180555556	0.275760030864
3.22	0.502434	0.0572916666667	0.366255787037
3.24	0.503561	0.0661916666667	0.425260416667
3.26	0.505069	0.0762777777778	0.394724151235
3.28	0.506716	0.0817708333333	0.358518518519
3.3	0.508259	0.0900791666667	0.348520447531
3.32	0.510374	0.0963444444444	0.320135030864
3.34	0.51216	0.100754166667	0.378142361111
3.36	0.514223	0.112534722222	0.389789737654
3.38	0.516807	0.118408333333	0.311014660494
3.4	0.518974	0.123333333333	0.294537037037
3.42	0.521661	0.130873611111	0.264334490741
3.44	0.524366	0.132729166667	0.294893904321
3.46	0.526845	0.14005	0.422866512346
3.48	0.52981	0.153368055556	0.398277391975
3.5	0.533208	0.158040277778	0.285887345679
3.52	0.536173	0.160547222222	0.337777777778
3.54	0.539398	0.172266666667	0.36580632716
3.56	0.543229	0.177305555556	0.313832947531
3.58	0.546472	0.1834	0.316925154321
3.6	0.550546	0.189844444444	0.325686728395
3.62	0.554083	0.195908333333	0.358856095679
3.64	0.558313	0.204958333333	0.350462962963
3.66	0.562335	0.211227777778	0.285248842593
3.68	0.566791	0.216173611111	0.236344521605
3.7	0.571039	0.218870833333	0.269538966049
3.72	0.57546	0.225398611111	0.366664737654
3.74	0.579951	0.235968055556	0.366898148148
3.76	0.585031	0.241780555556	0.294444444444
3.78	0.589694	0.244530555556	0.338526234568
3.8	0.594584	0.255923611111	0.360104166667
3.82	0.600062	0.262233333333	0.253601466049
3.84	0.605212	0.263054166667	0.258948688272
3.86	0.610361	0.272097222222	0.281712962963
3.88	0.616186	0.277498611111	0.181803626543
3.9	0.621596	0.277473611111	0.151327160494
3.92	0.627126	0.283036111111	0.14315779321
3.94	0.633004	0.284798611111	0.0946797839507
3.96	0.638604	0.284068055556	0.170841049383
3.98	0.644221	0.2895375	0.327980324074
4	0.650064	0.300188888889	0.363966049383
4.02	0.656358	0.306370833333	0.297135416667
4.04	0.662391	0.309377777778	0.323915895062
4.06	0.668546	0.319425	0.35234375
4.08	0.675273	0.325643055556	0.302071759259
4.1	0.681654	0.328906944444	0.348086419753
4.12	0.688224	0.339880555556	0.378202160494
4.14	0.69535	0.347016666667	0.291888503086
4.16	0.702233	0.3490875	0.296838348765
4.18	0.709116	0.358409722222	0.323794367284
4.2	0.716658	0.364431944444	0.26509066358
4.22	0.723801	0.366438888889	0.305898919753
4.24	0.731101	0.376645833333	0.348250385802
4.26	0.738972	0.382944444444	0.292478780864
4.28	0.746514	0.385805555556	0.327658179012
4.3	0.754194	0.396479166667	0.337924382716
4.32	0.762482	0.402458333333	0.233045910494
4.34	0.77044	0.403102777778	0.235304783951
4.36	0.77845	0.409601388889	0.315339506173
4.38	0.78672	0.4197375	0.231934799383
4.4	0.795458	0.4211625	0.0469733796296
4.42	0.803659	0.417698611111	0.0118557098765
4.44	0.811964	0.421613888889	-0.0152854938272
4.46	0.820684	0.419236111111	-0.161865354938
4.48	0.828747	0.415579166667	-0.463202160494
4.5	0.83719	0.411644444444	-1.45283950617
4.52	0.845668	0.377094444444	-3.4896875
4.54	0.85321	0.286076388889	-6.16730902778
4.56	0.858481	0.121411111111	-8.22691550926
4.58	0.85881	-0.0807222222222	-8.24245949074
4.6	0.854545	-0.246633333333	-6.1928587963
4.62	0.847575	-0.339363888889	-3.44008873457
4.64	0.839877	-0.368755555556	-1.37179205247
4.66	0.832561	-0.374506944444	-0.354540895062
4.68	0.824898	-0.374998611111	0.0878240740741
4.7	0.817373	-0.367029166667	0.22824845679
4.72	0.810317	-0.362719444444	0.192743055556
4.74	0.802948	-0.361538888889	0.229087577161
4.76	0.795684	-0.353833333333	0.279421296296
4.78	0.78887	-0.348640277778	0.27084683642
4.8	0.781796	-0.345197222222	0.346417824074
4.82	0.774878	-0.3345	0.409953703704
4.84	0.768498	-0.326551388889	0.385314429012
4.86	0.761892	-0.321226388889	0.433854166667
4.88	0.75546	-0.308720833333	0.453522376543
4.9	0.749635	-0.300105555556	0.35662808642
4.92	0.743584	-0.296480555556	0.341182484568
4.94	0.737654	-0.288263888889	0.397793209877
4.96	0.73202	-0.278829166667	0.392062114198
4.98	0.726575	-0.271825	0.350802469136
5	0.721166	-0.266013888889	0.345783179012
5.02	0.715843	-0.257170833333	0.315052083333
5.04	0.710989	-0.252519444444	0.262405478395
5.06	0.705805	-0.250116666667	0.353350694444
5.08	0.70076	-0.238566666667	0.456433256173
5.1	0.696321	-0.228722222222	0.430887345679
5.12	0.691709	-0.222522222222	0.435183256173
5.14	0.687271	-0.211080555556	0.424054783951
5.16	0.68337	-0.203788888889	0.348653549383
5.18	0.679209	-0.199893055556	0.378285108025
5.2	0.675169	-0.188334722222	0.390943287037
5.22	0.671771	-0.180941666667	0.282301311728
5.24	0.668095	-0.179661111111	0.285165895062
5.26	0.664437	-0.172547222222	0.408630401235
5.28	0.661074	-0.160631944444	0.432309027778
5.3	0.658144	-0.153231944444	0.369799382716
5.32	0.655005	-0.1485125	0.401423611111
5.34	0.652023	-0.1369625	0.429411651235
5.36	0.649631	-0.129234722222	0.379292052469
5.38	0.646926	-0.124138888889	0.413991126543
5.4	0.644481	-0.112234722222	0.427374614198
5.42	0.64254	-0.1043875	0.339066358025
5.44	0.640424	-0.101163888889	0.344689429012
5.46	0.638309	-0.0912277777778	0.378705632716
5.48	0.636836	-0.0834777777778	0.321512345679
5.5	0.635102	-0.0806708333333	0.351550925926
5.52	0.633403	-0.0698916666667	0.393589891975
5.54	0.632362	-0.0617277777778	0.316014660494
5.56	0.631079	-0.0588222222222	0.307505787037
5.58	0.629918	-0.0522972222222	0.411655092593
5.6	0.62886	-0.0406930555556	0.455812114198
5.62	0.628375	-0.0317375	0.402191358025
5.64	0.627681	-0.0266333333333	0.416722608025
5.66	0.627144	-0.0151472222222	0.430895061728
5.68	0.627161	-0.00723194444445	0.355727237654
5.7	0.626918	-0.00195277777778	0.312627314815
5.72	0.627005	0.00558472222222	0.25481095679
5.74	0.62723	0.00898194444444	0.188775077161
5.76	0.627421	0.0107208333333	0.238152006173
5.78	0.627577	0.0160458333333	0.392440200617
5.8	0.627907	0.0284652777778	0.456886574074
5.82	0.628808	0.0373	0.378396990741
5.84	0.62945	0.0434875	0.289847608025
5.86	0.630559	0.0483527777778	0.233821373457
5.88	0.631444	0.0510458333333	0.269224537037
5.9	0.632518	0.0575194444444	0.371309799383
5.92	0.633645	0.0681333333333	0.375565200617
5.94	0.635345	0.0747041666667	0.279947916667
5.96	0.636697	0.0779888888889	0.237444058642
5.98	0.638413	0.0832680555556	0.24678433642
6	0.640078	0.0866625	0.319739583333
6.02	0.641759	0.0958166666667	0.402110339506
6.04	0.643927	0.104418055556	0.401211419753
6.06	0.645938	0.112691666667	0.358018904321
6.08	0.648469	0.1194375	0.282654320988
6.1	0.65081	0.121940277778	0.293886959877
6.12	0.653185	0.130890277778	0.32908757716
6.14	0.656132	0.136673611111	0.307822145062
6.16	0.658698	0.140995833333	0.369791666667
6.18	0.661594	0.152359722222	0.385486111111
6.2	0.664905	0.158861111111	0.301840277778
6.22	0.668009	0.163102777778	0.269195601852
6.24	0.67139	0.168365277778	0.287665895062
6.26	0.674701	0.175202777778	0.297706404321
6.28	0.678446	0.18075	0.294918981481
6.3	0.681966	0.1849125	0.375964506173
6.32	0.685676	0.196318055556	0.430825617284
6.34	0.689906	0.204198611111	0.38949845679
6.36	0.693842	0.211959722222	0.334079861111
6.38	0.698402	0.218193055556	0.256822916667
6.4	0.702667	0.220572222222	0.260609567901
6.42	0.70714	0.2267375	0.33871720679
6.44	0.711648	0.236101388889	0.334417438272
6.46	0.716658	0.2425125	0.239535108025
6.48	0.721496	0.243115277778	0.253451003086
6.5	0.726246	0.249369444444	0.405499614198
6.52	0.731326	0.262016666667	0.446010802469
6.54	0.736857	0.269763888889	0.359646990741
6.56	0.742127	0.276194444444	0.260046296296
6.58	0.747918	0.280852777778	0.144066358025
6.6	0.753501	0.280011111111	0.127646604938
6.62	0.759032	0.282819444444	0.242372685185
6.64	0.764649	0.292227777778	0.254847608025
6.66	0.770873	0.295869444444	0.139409722222
6.68	0.77656	0.295702777778	0.0957658179012
6.7	0.782576	0.299818055556	0.0588483796297
6.72	0.788696	0.298115277778	0.0454552469136
6.74	0.79447	0.298570833333	0.166689814815
6.76	0.800503	0.304781944444	0.284448302469
6.78	0.806641	0.312584722222	0.278416280864
6.8	0.813073	0.317419444444	0.177054398148
6.82	0.819349	0.320583333333	0.0116068672839
6.84	0.82599	0.3188	-0.220738811728
6.86	0.832179	0.312008333333	-0.522457561728
6.88	0.838456	0.302443055556	-1.10528549383
6.9	0.844558	0.275756944444	-2.13446952161
6.92	0.849898	0.222941666667	-3.48443094136
6.94	0.853973	0.138615277778	-4.85494598765
6.96	0.856175	0.0176736111111	-5.54115933642
6.98	0.854805	-0.108198611111	-4.91139467593
7	0.851025	-0.193838888889	-3.43283371914
7.02	0.846414	-0.242211111111	-2.00338155864
7.04	0.841022	-0.267170833333	-0.93255787037
7.06	0.835387	-0.272379166667	-0.297297453704
7.08	0.830064	-0.272231944444	-0.0466242283951
7.1	0.824568	-0.272948611111	0.0848244598765
7.12	0.819072	-0.270130555556	0.228211805556
7.14	0.813628	-0.261776388889	0.280619212963
7.16	0.808704	-0.256818055556	0.245619212963
7.18	0.803433	-0.254858333333	0.321427469136
7.2	0.798302	-0.244269444444	0.40716242284
7.22	0.793724	-0.235948611111	0.381722608025
7.24	0.788904	-0.229123611111	0.35180941358
7.26	0.784535	-0.221890277778	0.324303626543
7.28	0.780097	-0.217194444444	0.350395447531
7.3	0.77578	-0.209305555556	0.430407021605
7.32	0.771636	-0.1980625	0.425669367284
7.34	0.767943	-0.190109722222	0.324222608025
7.36	0.764129	-0.186759722222	0.285503472222
7.38	0.760367	-0.179475	0.290925925926
7.4	0.75702	-0.174970833333	0.308288966049
7.42	0.753345	-0.168730555556	0.395285493827
7.44	0.750189	-0.158833333333	0.457326388889
7.46	0.746982	-0.148620833333	0.435194830247
7.48	0.744277	-0.139954166667	0.351834490741
7.5	0.741503	-0.1362375	0.344324845679
7.52	0.738747	-0.129022222222	0.459008487654
7.54	0.736215	-0.116293055556	0.505958719136
7.56	0.734169	-0.106290277778	0.432804783951
7.58	0.732002	-0.0986263888889	0.328763503086
7.6	0.730251	-0.0930847222222	0.23481095679
7.62	0.728379	-0.0914305555556	0.25253279321
7.64	0.726506	-0.08575	0.388643904321
7.66	0.72479	-0.0736125	0.436143904321
7.68	0.72368	-0.0655208333333	0.365603780864
7.7	0.722276	-0.0618569444444	0.396516203704
7.72	0.720993	-0.0498444444444	0.428468364198
7.74	0.720369	-0.0417125	0.341440972222
7.76	0.719415	-0.0370458333333	0.289155092593
7.78	0.71886	-0.0318402777778	0.308356481482
7.8	0.718097	-0.0249208333333	0.356599151235
7.82	0.717872	-0.0172861111111	0.39677662037
7.84	0.717421	-0.0102319444444	0.471738040123
7.86	0.7173	0.00360972222222	0.449448302469
7.88	0.717733	0.0100833333333	0.319481095679
7.9	0.717733	0.0147361111111	0.259853395062
7.92	0.718305	0.0197777777778	0.241076388889
7.94	0.718583	0.0225736111111	0.305700231481
7.96	0.719034	0.0327208333333	0.339133873457
7.98	0.719987	0.0387347222222	0.266232638889
8	0.720663	0.0417041666667	0.265391589506
8.02	0.721582	0.0476833333333	0.336132330247
8.04	0.722536	0.0552861111111	0.407696759259
8.06	0.723749	0.0654222222222	0.412029320988
8.08	0.725223	0.0724361111111	0.371741898148
8.1	0.72661	0.0804305555556	0.322349537037
8.12	0.7285	0.0857736111111	0.258877314815
8.14	0.730095	0.0888	0.279585262346
8.16	0.731915	0.0972069444444	0.295028935185
8.18	0.734065	0.102176388889	0.259292052469
8.2	0.736059	0.1056	0.307339891975
8.22	0.738192	0.112984722222	0.408582175926
8.24	0.74048	0.124372222222	0.412011959877
8.26	0.743289	0.131313888889	0.331865354938
8.28	0.745803	0.135023611111	0.344583333333
8.3	0.748508	0.145591666667	0.337615740741
8.32	0.75175	0.150859722222	0.24803433642
8.34	0.754628	0.153122222222	0.259110725309
8.36	0.757766	0.159505555556	0.338620756173
8.38	0.760939	0.168677777778	0.346720679012
8.4	0.764614	0.1745125	0.305416666667
8.42	0.767961	0.178440277778	0.350987654321
8.44	0.771567	0.189481944444	0.360204475309
8.46	0.775676	0.195230555556	0.274890046296
8.48	0.779455	0.197833333333	0.287231867284
8.5	0.783408	0.20695	0.293722993827
8.52	0.787847	0.211741666667	0.224540895062
8.54	0.791973	0.212993055556	0.268582175926
8.56	0.796152	0.2225	0.307280092593
8.58	0.800954	0.2285125	0.225453317901
8.6	0.805427	0.2297	0.217575231481
8.62	0.810039	0.234641666667	0.310634645062
8.64	0.814703	0.244322222222	0.314257330247
8.66	0.819939	0.249018055556	0.223555169753
8.68	0.824655	0.253040277778	0.11871720679
8.7	0.830082	0.255369444444	-0.0768634259259
8.72	0.835023	0.250013888889	-0.327303240741
8.74	0.839981	0.245880555556	-0.805983796296
8.76	0.845131	0.225630555556	-1.69446566358
8.78	0.84943	0.180988888889	-2.75756365741
8.8	0.852673	0.115323611111	-3.7756095679
8.82	0.854545	0.02345	-4.36357638889
8.84	0.853765	-0.0753777777778	-4.0795775463
8.86	0.851077	-0.151683333333	-3.12195023148
8.88	0.847246	-0.201815277778	-2.00127700617
8.9	0.842651	-0.228690277778	-1.02851658951
8.92	0.837814	-0.238122222222	-0.352494212963
8.94	0.832925	-0.236173611111	-0.0396450617284
8.96	0.828452	-0.235676388889	0.0395987654321
8.98	0.823545	-0.236545833333	0.153861882716
9	0.818777	-0.228805555556	0.227476851852
9.02	0.814495	-0.224779166667	0.197021604938
9.04	0.809866	-0.2233625	0.262127700617
9.06	0.805393	-0.215231944444	0.365802469136
9.08	0.801266	-0.20675	0.390351080247
9.1	0.797175	-0.199905555556	0.409903549383
9.12	0.79317	-0.189561111111	0.387555941358
9.14	0.789685	-0.183068055556	0.315586419753
9.16	0.785922	-0.179423611111	0.343225308642
9.18	0.782351	-0.169708333333	0.383244598765
9.2	0.779161	-0.161356944444	0.320073302469
9.22	0.776023	-0.157633333333	0.286178626543
9.24	0.772815	-0.152529166667	0.350958719136
9.26	0.769781	-0.141973611111	0.35275462963
9.28	0.76725	-0.136029166667	0.265416666667
9.3	0.764441	-0.133938888889	0.28777970679
9.32	0.761771	-0.126956944444	0.417665895062
9.34	0.759274	-0.1155625	0.482582947531
9.36	0.757211	-0.106211111111	0.470003858025
9.38	0.754992	-0.0960958333333	0.41700617284
9.4	0.753432	-0.0888111111111	0.334434799383
9.42	0.751524	-0.0851736111111	0.350962577161
9.44	0.749843	-0.0744791666667	0.357727623457
9.46	0.748646	-0.0682652777778	0.271684027778
9.48	0.747225	-0.0659972222222	0.288452932099
9.5	0.74589	-0.0591486111111	0.401392746914
9.52	0.744745	-0.0476111111111	0.427280092593
9.54	0.744104	-0.0401416666667	0.370958719136
9.56	0.743202	-0.0353222222222	0.403063271605
9.58	0.742509	-0.0237111111111	0.425144675926
9.6	0.742353	-0.0158194444444	0.353445216049
9.62	0.741989	-0.0121930555556	0.377777777778
9.64	0.741659	-0.000877777777778	0.402839506173
9.66	0.742023	0.00734305555556	0.301045524691
9.68	0.742127	0.00904027777778	0.287525077161
9.7	0.742249	0.0159291666667	0.387135416667
9.72	0.742648	0.0273041666667	0.382905092593
9.74	0.743497	0.0330041666667	0.307386188272
9.76	0.744017	0.0365013888889	0.349280478395
9.78	0.74478	0.0469763888889	0.394197530864
9.8	0.745976	0.0544416666667	0.352727623457
9.82	0.746999	0.0602486111111	0.340013503086
9.84	0.748334	0.0679305555556	0.328740354938
9.86	0.749773	0.0732305555556	0.323993055556
9.88	0.751195	0.0811486111111	0.308227237654
9.9	0.753067	0.0867111111111	0.255794753086
9.92	0.754749	0.0893666666667	0.292544367284
9.94	0.756535	0.0965388888889	0.397536651235
9.96	0.758494	0.108215277778	0.379652777778
9.98	0.761008	0.1142125	0.258431712963
10	0.763175	0.115233333333	0.274822530864
10.02	0.765447	0.123398611111	0.373624614198
10.04	0.768117	0.131695833333	0.408109567901
10.06	0.770683	0.141294444444	0.369191743827
10.08	0.773838	0.147816666667	0.269338348765
10.1	0.776716	0.149238888889	0.283935185185
10.12	0.779611	0.158443055556	0.330138888889
10.14	0.783096	0.165580555556	0.259683641975
10.16	0.786373	0.167633333333	0.244099151235
10.18	0.789737	0.172469444444	0.335632716049
10.2	0.793135	0.182384722222	0.372986111111
10.22	0.797071	0.191165277778	0.256400462963
10.24	0.801006	0.190581944444	0.214963348765
10.26	0.804508	0.197022222222	0.292146990741
10.28	0.80886	0.204808333333	0.278433641975
10.3	0.812848	0.207259722222	0.290887345679
10.32	0.816974	0.216409722222	0.282349537037
10.34	0.821569	0.222016666667	0.128024691358
10.36	0.826024	0.220625	0.00192901234568
10.38	0.830342	0.220051388889	-0.0556385030864
10.4	0.83478	0.220673611111	-0.232035108025
10.42	0.839323	0.213544444444	-0.592550154321
10.44	0.843345	0.201329166667	-1.2145621142
10.46	0.847662	0.171401388889	-2.13671682099
10.48	0.850731	0.114038888889	-2.95632716049
10.5	0.852395	0.0447583333333	-3.33901813272
10.52	0.852499	-0.0257916666667	-3.30943287037
10.54	0.851372	-0.0938611111111	-2.88141396605
10.56	0.848529	-0.148501388889	-2.07270061728
10.58	0.844905	-0.176194444444	-1.26697916667
10.6	0.841351	-0.193333333333	-0.725063657407
10.62	0.837121	-0.203961111111	-0.295167824074
10.64	0.832994	-0.204229166667	0.0269733796296
10.66	0.828833	-0.198823611111	0.141547067901
10.68	0.825106	-0.195072222222	0.0874749228395
10.7	0.821187	-0.197794444444	0.118537808642
10.72	0.816992	-0.192331944444	0.239249614198
10.74	0.813489	-0.185933333333	0.27524691358
10.76	0.80964	-0.182215277778	0.336992669753
10.78	0.806034	-0.171884722222	0.363811728395
10.8	0.802861	-0.165673611111	0.318233024691
10.82	0.79948	-0.161572222222	0.373919753086
10.84	0.796273	-0.152345833333	0.486819058642
10.86	0.793291	-0.139226388889	0.479139660494
10.88	0.790829	-0.130918055556	0.36794367284
10.9	0.788142	-0.126754166667	0.336859567901
10.92	0.785628	-0.117997222222	0.338036265432
10.94	0.783495	-0.111948611111	0.299515817901
10.96	0.781207	-0.107927777778	0.333728780864
10.98	0.779022	-0.0980611111111	0.344195601852
11	0.777375	-0.0919708333333	0.279199459877
11.02	0.77545	-0.0895361111111	0.326309799383
11.04	0.773647	-0.0810263888889	0.451986882716
11.06	0.772104	-0.0683541666667	0.452208719136
11.08	0.771047	-0.0606055555556	0.352463348765
11.1	0.769781	-0.0573638888889	0.372231867284
11.12	0.768567	-0.0466847222222	0.435447530864
11.14	0.767961	-0.0377	0.403977623457
11.16	0.767094	-0.0302694444444	0.349429012346
11.18	0.76673	-0.0228152777778	0.25693287037
11.2	0.766313	-0.021125	0.231072530864
11.22	0.765828	-0.0164166666667	0.334633487654
11.24	0.765568	-0.00784305555556	0.440962577161
11.26	0.765447	0.00380555555555	0.436514274691
11.28	0.765828	0.0112666666667	0.351921296296
11.3	0.765967	0.0155027777778	0.355117669753
11.32	0.766296	0.0254194444444	0.368227237654
11.34	0.767076	0.0319041666667	0.320686728395
11.36	0.767631	0.0361708333333	0.349272762346
11.38	0.768359	0.0466041666667	0.342642746914
11.4	0.769608	0.0520944444444	0.256309799383
11.42	0.770527	0.0546541666667	0.264286265432
11.44	0.771705	0.0605597222222	0.35921875
11.46	0.77285	0.0708305555556	0.385640432099
11.48	0.774636	0.0775902777778	0.335380015432
11.5	0.775971	0.0831666666667	0.31708912037
11.52	0.777895	0.0909430555556	0.279847608025
11.54	0.779733	0.0939527777778	0.271346450617
11.56	0.781605	0.0993222222222	0.35927662037
11.58	0.783564	0.11005	0.375509259259
11.6	0.786113	0.116897222222	0.286263503086
11.62	0.78835	0.119108333333	0.282864583333
11.64	0.790708	0.127668055556	0.300758101852
11.66	0.793516	0.1335	0.236799768519
11.68	0.796152	0.135697222222	0.238321759259
11.7	0.798874	0.140670833333	0.333520447531
11.72	0.801665	0.150443055556	0.372027391975
11.74	0.804959	0.1578375	0.305956790123
11.76	0.808045	0.162077777778	0.250044367284
11.78	0.811391	0.167718055556	0.200422453704
11.8	0.814824	0.170131944444	0.165883487654
11.82	0.818205	0.172711111111	0.206338734568
11.84	0.821673	0.177638888889	0.274050925926
11.86	0.825244	0.185652777778	0.246174768519
11.88	0.829197	0.189275	0.11027970679
11.9	0.832821	0.191130555556	-0.10224537037
11.92	0.83693	0.187394444444	-0.425036651235
11.94	0.840519	0.173545833333	-0.748196373457
11.96	0.843865	0.157268055556	-1.1017341821
11.98	0.846882	0.133909722222	-1.65621527778
12	0.849552	0.0933736111111	-2.29412037037
12.02	0.850921	0.0366694444444	-2.65391589506
12.04	0.850956	-0.0194013888889	-2.63509837963
12.06	0.850124	-0.07305	-2.32772762346
12.08	0.847905	-0.117697222222	-1.74767746914
12.1	0.845027	-0.142673611111	-1.16746720679
12.12	0.842097	-0.159898611111	-0.782515432099
12.14	0.838629	-0.173554166667	-0.44978587963
12.16	0.834988	-0.178652777778	-0.121579861111
12.18	0.83133	-0.175669444444	0.0685956790123
12.2	0.828018	-0.173768055556	0.137411265432
12.22	0.824325	-0.169565277778	0.157148919753
12.24	0.821257	-0.166438888889	0.136606867284
12.26	0.817754	-0.166197222222	0.212019675926
12.28	0.814478	-0.159884722222	0.36174382716
12.3	0.811253	-0.149275	0.40934220679
12.32	0.808583	-0.140972222222	0.347826003086
12.34	0.805739	-0.137809722222	0.371624228395
12.36	0.802879	-0.1270875	0.430509259259
12.38	0.800677	-0.117341666667	0.356930941358
12.4	0.798319	-0.113077777778	0.29194058642
12.42	0.7961	-0.107204166667	0.298611111111
12.44	0.794054	-0.101886111111	0.352330246914
12.46	0.791991	-0.0944541666667	0.456429398148
12.48	0.790135	-0.081475	0.462681327161
12.5	0.788852	-0.0732222222222	0.350347222222
12.52	0.787327	-0.0700944444444	0.332611882716
12.54	0.78587	-0.0605361111111	0.342044753086
12.56	0.784969	-0.0538152777778	0.265648148148
12.58	0.783859	-0.0521277777778	0.286807484568
12.6	0.78275	-0.0449986111111	0.410528549383
12.62	0.781935	-0.0329180555556	0.424928626543
12.64	0.781571	-0.0257972222222	0.346228780864
12.66	0.780981	-0.0218972222222	0.366078317901
12.68	0.780513	-0.0113708333333	0.394494598765
12.7	0.780582	-0.00291388888889	0.298805941358
12.72	0.780565	-0.00127222222222	0.270432098765
12.74	0.780357	0.00669305555556	0.293240740741
12.76	0.780877	0.0126847222222	0.246915509259
12.78	0.780998	0.0141847222222	0.305347222222
12.8	0.781276	0.0228541666667	0.431512345679
12.82	0.781813	0.0350611111111	0.404517746914
12.84	0.782819	0.0419486111111	0.253327546296
12.86	0.783651	0.0417027777778	0.237104552469
12.88	0.784275	0.0495333333333	0.313859953704
12.9	0.785662	0.0567680555556	0.301230709877
12.92	0.786651	0.0601861111111	0.335044367284
12.94	0.787882	0.0707402777778	0.337758487654
12.96	0.789615	0.0758472222222	0.254583333333
12.98	0.790985	0.0782430555556	0.273709490741
13	0.792563	0.0873444444444	0.271728395062
13.02	0.794609	0.0910680555556	0.207048611111
13.04	0.796273	0.0927986111111	0.260298996914
13.06	0.79818	0.100105555556	0.364376929012
13.08	0.800209	0.110247222222	0.35631558642
13.1	0.802723	0.1156125	0.289789737654
13.12	0.804873	0.119025	0.323678626543
13.14	0.8073	0.129373611111	0.327384259259
13.16	0.810178	0.134643055556	0.231674382716
13.18	0.812778	0.136116666667	0.228396990741
13.2	0.815448	0.143888888889	0.220324074074
13.22	0.818639	0.147138888889	0.137955246914
13.24	0.82143	0.1469625	0.159330632716
13.26	0.824395	0.151848611111	0.233445216049
13.28	0.827429	0.1591125	0.180817901235
13.3	0.830844	0.162776388889	-0.039000771605
13.32	0.834173	0.155706944444	-0.20674382716
13.34	0.83693	0.152744444444	-0.310100308642
13.36	0.840328	0.146844444444	-0.56815779321
13.38	0.843033	0.130084722222	-0.863354552469
13.4	0.845443	0.113677777778	-1.23996527778
13.42	0.847835	0.0837277777778	-1.73586033951
13.44	0.849084	0.0396416666667	-2.00848958333
13.46	0.849292	-0.00120972222222	-2.02745949074
13.48	0.849066	-0.0427666666667	-1.90871720679
13.5	0.847593	-0.0822569444444	-1.54792438272
13.52	0.84546	-0.106463888889	-1.0967496142
13.54	0.843206	-0.122806944444	-0.772432484568
13.56	0.840571	-0.136797222222	-0.490133101852
13.58	0.837606	-0.143827777778	-0.187336033951
13.6	0.834607	-0.141205555556	-0.0336091820988
13.62	0.832058	-0.141740277778	-0.0315258487654
13.64	0.829024	-0.144870833333	0.0562905092593
13.66	0.826111	-0.141572222222	0.221792052469
13.68	0.82325	-0.133275	0.27959683642
13.7	0.820893	-0.128602777778	0.254550540123
13.72	0.818136	-0.125290277778	0.304066358025
13.74	0.815726	-0.115897222222	0.336331018519
13.76	0.813611	-0.110481944444	0.31953125
13.78	0.811322	-0.105373611111	0.388321759259
13.8	0.809242	-0.0940791666667	0.415569058642
13.82	0.807664	-0.0868861111111	0.358584104938
13.84	0.805774	-0.0803569444444	0.316655092593
13.86	0.804422	-0.07345	0.251367669753
13.88	0.802965	-0.0715722222222	0.252430555556
13.9	0.801474	-0.0658277777778	0.352457561728
13.92	0.800209	-0.0553319444444	0.361869212963
13.94	0.799359	-0.0488111111111	0.273227237654
13.96	0.798371	-0.0466666666667	0.279731867284
13.98	0.7974	-0.0407708333333	0.419106867284
14	0.796585	-0.0280069444444	0.482826003086
14.02	0.796377	-0.0187583333333	0.420239197531
14.04	0.795874	-0.0116708333333	0.36240162037
14.06	0.795892	-0.00427638888889	0.305003858025
14.08	0.795788	-0.000602777777778	0.297050540123
14.1	0.795753	0.00760833333333	0.288869598765
14.12	0.796152	0.0128833333333	0.207428626543
14.14	0.79636	0.0144930555556	0.194683641975
14.16	0.796672	0.0186319444444	0.274880401235
14.18	0.797053	0.0254055555556	0.363489583333
14.2	0.797643	0.0344402777778	0.394519675926
14.22	0.798458	0.0426388888889	0.351078317901
14.24	0.799411	0.0478833333333	0.318140432099
14.26	0.800295	0.0556930555556	0.274537037037
14.28	0.801734	0.0595583333333	0.212839506173
14.3	0.802723	0.061625	0.261365740741
14.32	0.80404	0.0700736111111	0.313479938272
14.34	0.805601	0.075925	0.295021219136
14.36	0.807109	0.0807333333333	0.307797067901
14.38	0.808721	0.0891736111111	0.27841242284
14.4	0.810785	0.0933902777778	0.19121720679
14.42	0.812536	0.0940513888889	0.216433256173
14.44	0.814356	0.102238888889	0.245030864198
14.46	0.816766	0.105184722222	0.226136188272
14.48	0.818552	0.108894444444	0.295895061728
14.5	0.820962	0.118883333333	0.278427854938
14.52	0.823476	0.1218125	0.178180941358
14.54	0.825816	0.1250875	0.100493827161
14.56	0.828486	0.126736111111	-0.0113020833333
14.58	0.830983	0.1241125	-0.0834124228395
14.6	0.833462	0.12125	-0.0705844907408
14.62	0.835751	0.121208333333	-0.0750019290124
14.64	0.838248	0.122768055556	-0.288070987654
14.66	0.840918	0.112308333333	-0.628418209877
14.68	0.842877	0.0944847222222	-0.852195216049
14.7	0.844628	0.0770972222222	-1.01996527778
14.72	0.846032	0.0556722222222	-1.24666666667
14.74	0.847038	0.0258152777778	-1.40297646605
14.76	0.847003	-0.00281527777778	-1.43370563272
14.78	0.846934	-0.0318541666667	-1.39869791667
14.8	0.845807	-0.0624166666667	-1.17372492284
14.82	0.844212	-0.0818791666667	-0.811603009259
14.84	0.842339	-0.0918944444444	-0.569268904321
14.86	0.840588	-0.101804166667	-0.456481481482
14.88	0.8383	-0.112019444444	-0.29268132716
14.9	0.835907	-0.113594444444	-0.131826774691
14.92	0.833774	-0.1148125	-0.0702951388889
14.94	0.831382	-0.117743055556	0.0362249228395
14.96	0.828903	-0.113855555556	0.15763117284
14.98	0.826839	-0.109570833333	0.201356095679
15	0.824568	-0.106620833333	0.264012345679
15.02	0.822436	-0.098225	0.285827546296
15.04	0.820736	-0.0935027777778	0.235497685185
15.06	0.818743	-0.090825	0.263420138889
15.08	0.816957	-0.0823597222222	0.271863425926
15.1	0.815587	-0.0793958333333	0.26818287037
15.12	0.813732	-0.0737333333333	0.348582175926
15.14	0.812553	-0.0646541666667	0.38591242284
15.16	0.811166	-0.0565611111111	0.351132330247
15.18	0.810334	-0.0499166666667	0.280852623457
15.2	0.809259	-0.0474902777778	0.292183641975
15.22	0.808253	-0.0379472222222	0.298555169753
15.24	0.807855	-0.0332777777778	0.228317901235
15.26	0.807022	-0.0318569444444	0.288180941358
15.28	0.806416	-0.0236930555556	0.420104166667
15.3	0.805982	-0.0117319444444	0.416853780864
15.32	0.806086	-0.00490833333333	0.317104552469
15.34	0.805861	-0.00170555555556	0.313414351852
15.36	0.805861	0.00734027777778	0.329998070988
15.38	0.806242	0.0131208333333	0.289313271605
15.4	0.806433	0.0171694444444	0.313607253086
15.42	0.806797	0.0261958333333	0.311118827161
15.44	0.807577	0.0312305555556	0.242617669753
15.46	0.80808	0.0347458333333	0.217762345679
15.48	0.808912	0.0399208333333	0.200601851852
15.5	0.809744	0.0426013888889	0.201925154321
15.52	0.810594	0.0465291666667	0.261361882716
15.54	0.811513	0.0540333333333	0.279268904321
15.56	0.812813	0.0592791666667	0.238109567901
15.58	0.813957	0.0619638888889	0.260707947531
15.6	0.815206	0.0681569444444	0.338647762346
15.62	0.816593	0.0777819444444	0.322469135802
15.64	0.818431	0.0830930555556	0.215925925926
15.66	0.820008	0.0840555555556	0.197291666667
15.68	0.821638	0.0907569444444	0.199571759259
15.7	0.823753	0.0931680555556	0.165127314815
15.72	0.825383	0.0950736111111	0.212359182099
15.74	0.827377	0.103519444444	0.176338734568
15.76	0.8297	0.104743055556	0.0315104166667
15.78	0.831659	0.101833333333	-0.00691358024694
15.8	0.833601	0.1047	-0.0553337191358
15.82	0.835976	0.102151388889	-0.204542824074
15.84	0.837797	0.0945875	-0.293055555556
15.86	0.839617	0.0912833333333	-0.427959104938
15.88	0.841611	0.0801347222222	-0.667214506173
15.9	0.842963	0.0623416666667	-0.810461033951
15.92	0.844038	0.0460736111111	-0.878591820988
15.94	0.844836	0.0277736111111	-0.950001929012
15.96	0.845183	0.00813472222222	-1.00877893519
15.98	0.845217	-0.0141902777778	-0.984187885803
16	0.844541	-0.0328208333333	-0.872087191358
16.02	0.843882	-0.0496208333333	-0.727789351852
16.04	0.842461	-0.0617583333333	-0.583105709877
16.06	0.841386	-0.071575	-0.492436342593
16.08	0.839669	-0.0832819444444	-0.334365354938
16.1	0.837831	-0.0850555555556	-0.180391589506
16.12	0.836288	-0.0873583333333	-0.151005015432
16.14	0.834433	-0.0922388888889	-0.0754301697531
16.16	0.832509	-0.0929611111111	0.093269675926
16.18	0.83055	-0.0866111111111	0.179932484568
16.2	0.829111	-0.0825	0.130954861111
16.22	0.827377	-0.0831263888889	0.147988040123
16.24	0.825678	-0.0792944444444	0.273449074074
16.26	0.824083	-0.0703138888889	0.329430941358
16.28	0.822956	-0.0641513888889	0.30018904321
16.3	0.821569	-0.0600861111111	0.324581404321
16.32	0.820407	-0.0507180555556	0.327687114198
16.34	0.819627	-0.0447694444444	0.246678240741
16.36	0.818725	-0.0431291666667	0.254274691358
16.38	0.817737	-0.0352958333333	0.292750771605
16.4	0.817356	-0.0292138888889	0.25841242284
16.42	0.816679	-0.0267833333333	0.302341820988
16.44	0.816159	-0.0191333333333	0.419257330247
16.46	0.815813	-0.0073125	0.420154320988
16.48	0.815986	-0.000118055555556	0.316215277778
16.5	0.815865	0.00404444444444	0.251950231481
16.52	0.81609	0.00967638888889	0.21130787037
16.54	0.816333	0.01225	0.198533950617
16.56	0.816575	0.0154333333333	0.273454861111
16.58	0.816801	0.024325	0.3015625
16.6	0.817633	0.0301722222222	0.220202546296
16.62	0.818136	0.0307694444444	0.22362654321
16.64	0.818673	0.0385930555556	0.246012731481
16.66	0.819748	0.0433166666667	0.171467978395
16.68	0.820528	0.0436819444444	0.173086419753
16.7	0.821395	0.048	0.258188657407
16.72	0.822349	0.0561375	0.257307098765
16.74	0.823736	0.0606083333333	0.160019290123
16.76	0.82488	0.0605138888889	0.138804012346
16.78	0.826042	0.0646069444444	0.186074459877
16.8	0.827446	0.0696875	0.168705632716
16.82	0.82892	0.0713013888889	0.141905864198
16.84	0.83022	0.0754694444444	0.0976022376543
16.86	0.831989	0.0769597222222	-0.0190142746913
16.88	0.83341	0.0735902777778	-0.090368441358
16.9	0.834867	0.0722472222222	-0.117887731482
16.92	0.836306	0.0700722222222	-0.188302469136
16.94	0.837745	0.0648402777778	-0.267079475309
16.96	0.838906	0.0586111111111	-0.325005787037
16.98	0.840051	0.0529819444444	-0.426803626543
17	0.841143	0.0422388888889	-0.551875
17.02	0.841802	0.0284680555556	-0.578715277778
17.04	0.842149	0.0192402777778	-0.600673225309
17.06	0.842669	0.00622777777778	-0.682303240741
17.08	0.842495	-0.0108138888889	-0.645906635802
17.1	0.842045	-0.0201819444444	-0.569508101852
17.12	0.841784	-0.0325819444444	-0.52037808642
17.14	0.840727	-0.0434305555556	-0.379955632716
17.16	0.839843	-0.0459180555556	-0.324405864198
17.18	0.839028	-0.0538944444444	-0.361761188272
17.2	0.837745	-0.0632194444444	-0.277158564815
17.22	0.836392	-0.0676666666667	-0.0860570987655
17.24	0.834867	-0.0646291666667	0.0230208333333
17.26	0.833861	-0.0629013888889	-0.0333738425926
17.28	0.832526	-0.0681708333333	-0.0144405864197
17.3	0.830931	-0.0653527777778	0.0806828703704
17.32	0.829908	-0.0623152777778	0.0848958333333
17.34	0.828556	-0.0629430555556	0.134211033951
17.36	0.82729	-0.0591125	0.258948688272
17.38	0.826077	-0.0506388888889	0.299133873457
17.4	0.825331	-0.0445055555556	0.227872299383
17.42	0.824412	-0.0430763888889	0.212480709877
17.44	0.823511	-0.0380013888889	0.280744598765
17.46	0.822834	-0.0302708333333	0.288433641975
17.48	0.822384	-0.0257680555556	0.259791666667
17.5	0.821759	-0.0199652777778	0.233842592593
17.52	0.821638	-0.0162666666667	0.212291666667
17.54	0.821153	-0.0139805555556	0.295387731481
17.56	0.820893	-0.00401805555556	0.355142746914
17.58	0.821049	0.00346666666667	0.281878858025
17.6	0.821153	0.00637777777778	0.238518518519
17.62	0.821257	0.0107791666667	0.276550925926
17.64	0.821482	0.0188444444444	0.263231095679
17.66	0.822106	0.0233527777778	0.167775848765
17.68	0.822522	0.0232402777778	0.158179012346
17.7	0.822869	0.0292430555556	0.173383487654
17.72	0.823771	0.0322222222222	0.118277391975
17.74	0.824256	0.0315222222222	0.16341242284
17.76	0.824846	0.0383347222222	0.222073688272
17.78	0.825851	0.0427166666667	0.183202160494
17.8	0.826597	0.0454638888889	0.140551697531
17.82	0.827637	0.0486611111111	0.0832870370371
17.84	0.828625	0.0485486111111	0.0459934413581
17.86	0.829579	0.0485777777778	0.0828800154321
17.88	0.830446	0.0529555555556	0.0746469907407
17.9	0.831781	0.0541069444444	-0.0371682098765
17.92	0.832752	0.0491375	-0.0621797839506
17.94	0.833566	0.0508777777778	-0.0540760030864
17.96	0.834867	0.04925	-0.130667438272
17.98	0.83563	0.0439875	-0.145640432099
18	0.836496	0.0433666666667	-0.166828703704
18.02	0.837433	0.0393513888889	-0.263317901235
18.04	0.838161	0.0318055555556	-0.31409529321
18.06	0.838681	0.0248194444444	-0.286612654321
18.08	0.839062	0.0212152777778	-0.286400462963
18.1	0.8396	0.0150805555556	-0.353638117284
18.12	0.839756	0.00513055555555	-0.349554398148
18.14	0.839652	0.000818055555555	-0.327833719136
18.16	0.83986	-0.00604722222222	-0.372829861111
18.18	0.839513	-0.0167097222222	-0.313360339506
18.2	0.838976	-0.0188541666667	-0.239895833333
18.22	0.838837	-0.0236527777778	-0.26763117284
18.24	0.838126	-0.0318138888889	-0.212010030864
18.26	0.837363	-0.0321194444444	-0.159751157407
18.28	0.83693	-0.035875	-0.189232253086
18.3	0.836011	-0.0420944444444	-0.119986496914
18.32	0.835092	-0.042	-0.00330632716047
18.34	0.834277	-0.0395666666667	0.0103665123457
18.36	0.833618	-0.0407375	-0.0140625
18.38	0.832665	-0.0426625	0.0546161265432
18.4	0.831746	-0.0380694444444	0.110717592593
18.42	0.831226	-0.0361486111111	0.0870833333333
18.44	0.830376	-0.0369430555556	0.147569444444
18.46	0.829544	-0.0298583333333	0.189988425926
18.48	0.829284	-0.0265875	0.125731095679
18.5	0.82859	-0.0274708333333	0.162937885802
18.52	0.827984	-0.0205111111111	0.216612654321
18.54	0.827845	-0.0164055555556	0.176292438272
18.56	0.827394	-0.0146736111111	0.175947145062
18.58	0.827151	-0.00922638888889	0.166039737654
18.6	0.827099	-0.00692777777778	0.124598765432
18.62	0.826926	-0.00615138888889	0.163553240741
18.64	0.826753	-0.0014375	0.239920910494
18.66	0.826805	0.00592222222222	0.213713348765
18.68	0.827117	0.00822638888889	0.133954475309
18.7	0.827151	0.00939166666667	0.125264274691
18.72	0.827412	0.0133416666667	0.122472993827
18.74	0.827758	0.0147333333333	0.108613040123
18.76	0.828001	0.0162819444444	0.141278935185
18.78	0.828296	0.0218611111111	0.108740354938
18.8	0.828989	0.0225569444444	0.00759066358026
18.82	0.829301	0.0193166666667	0.0300868055556
18.84	0.829631	0.0214097222222	0.152062114198
18.86	0.830064	0.0277152777778	0.177087191358
18.88	0.830827	0.0307069444444	0.0920331790123
18.9	0.83133	0.0313083333333	-0.0050713734568
18.92	0.832093	0.0304097222222	-0.0865856481482
18.94	0.83263	0.0262430555556	-0.0851485339506
18.96	0.833081	0.02485	0.00571566358027
18.98	0.833497	0.0285319444444	0.00826967592595
19	0.834329	0.0277666666667	-0.0966473765432
19.02	0.834711	0.0227527777778	-0.126230709877
19.04	0.835161	0.0205847222222	-0.0674074074074
19.06	0.835456	0.0214652777778	-0.0555536265432
19.08	0.836098	0.0198013888889	-0.105788966049
19.1	0.836306	0.0154819444444	-0.100804398148
19.12	0.836566	0.0166305555556	-0.131851851852
19.14	0.837103	0.0122972222222	-0.241269290123
19.16	0.837155	0.00404722222222	-0.23365162037
19.18	0.837086	0.00245694444444	-0.202810570988
19.2	0.837311	-0.0015875	-0.253929398148
19.22	0.837138	-0.00953055555556	-0.222762345679
19.24	0.836826	-0.0131972222222	-0.0811361882716
19.26	0.836479	-0.0109111111111	-0.0152276234568
19.28	0.836479	-0.01175	-0.0488387345679
19.3	0.836011	-0.0130486111111	-0.0896277006173
19.32	0.835959	-0.0150222222222	-0.135952932099
19.34	0.835491	-0.0199819444444	-0.10728587963
19.36	0.835075	-0.0210666666667	-0.006768904321
19.38	0.834555	-0.0184472222222	0.0216319444445
19.4	0.834416	-0.0184	-0.0261361882716
19.42	0.833896	-0.0216013888889	0.00314621913581
19.44	0.833393	-0.0185888888889	0.0513252314815
19.46	0.83322	-0.0178458333333	0.0360763888889
19.48	0.832734	-0.0189055555556	0.081512345679
19.5	0.832301	-0.0137763888889	0.084944058642
19.52	0.832283	-0.01305	-0.00212962962963
19.54	0.831885	-0.0161541666667	0.0119984567901
19.56	0.831538	-0.0152041666667	0.13524691358
19.58	0.831156	-0.00908333333333	0.196853780864
19.6	0.831243	-0.00495833333333	0.152550154321
19.62	0.831035	-0.00431111111111	0.147617669753
19.64	0.830948	0.000943055555556	0.144972993827
19.66	0.831174	0.00229027777778	0.110987654321
19.68	0.831035	0.00384722222222	0.127426697531
19.7	0.831208	0.00946805555556	0.0546720679013
19.72	0.83159	0.00747777777778	-0.0621971450617
19.74	0.831573	0.00323194444445	-0.0184259259259
19.76	0.831573	0.00480694444445	0.10418595679
19.78	0.831659	0.0107541666667	0.0958564814815
19.8	0.832162	0.0107597222222	-0.00454668209875
19.82	0.832179	0.00693611111111	0.0279803240741
19.84	0.832214	0.0118069444444	0.0554706790123
19.86	0.832717	0.0133208333333	-0.0783545524692
19.88	0.832925	0.00782777777778	-0.168827160494
19.9	0.833029	0.00202638888889	-0.0664679783951
19.92	0.832804	0.00488611111111	0.0575617283951
19.94	0.833237	0.00779305555556	0.0326986882716
19.96	0.833202	0.00700833333333	-0.0373148148148
19.98	0.833532	0.00532361111111	-0.0678915895062
20	0.833445	0.00237916666667	-0.0141994598765
20.02	0.833497	0.00490555555556	0.0357773919753
20.04	0.83367	0.00632916666667	-0.0201813271605
20.06	0.833861	0.00336944444444	-0.0581442901235
20.08	0.833722	0.00308055555556	-0.0644097222222
20.1	0.833982	0.00251388888889	-0.129764660494
20.12	0.833948	-0.00307222222222	-0.142168209877
20.14	0.833792	-0.00556527777778	-0.0499170524691
20.16	0.833653	-0.00492222222222	0.0417573302469
20.18	0.833566	-0.00227083333333	0.0610223765432
20.2	0.833618	-0.00185555555556	0.0352469135802
20.22	0.833462	-0.000720833333334	-0.00545524691359
20.24	0.833618	-0.00126944444445	-0.070111882716
20.26	0.833497	-0.00509583333333	-0.0577527006173
20.28	0.833341	-0.00565	0.0420158179012
20.3	0.833168	-0.00199305555556	0.0874459876543
20.32	0.833324	-0.000195833333334	0.0477642746914
20.34	0.833237	-0.00161527777778	0.0536400462963
20.36	0.833116	0.0021625	0.0492438271605
20.38	0.83341	0.00245694444444	-0.0336535493827
20.4	0.833324	-0.00160416666667	-0.0203800154321
20.42	0.833168	0.0010375	0.0220968364197
20.44	0.833428	0.00151527777778	-0.0183236882716
20.46	0.833324	-0.00157222222222	0.00921103395064
20.48	0.833185	0.00208472222222	0.0275038580247
20.5	0.833514	0.00168472222222	-0.0355439814815
20.52	0.833341	-0.00203888888889	0.00248263888888
20.54	0.83322	0.00219027777778	0.0234452160494
20.56	0.833549	0.00174861111111	-0.0629668209877
20.58	0.83341	-0.00332638888889	-0.0316956018519
20.6	0.833202	-8.88888888888E-05	0.0222145061728
20.62	0.83348	0.00014861111111	-0.0180304783951
20.64	0.833289	-0.00219722222222	-0.00377893518517
20.66	0.833306	-0.00125277777778	0.0505787037037
20.68	0.833185	0.00152083333333	0.0415817901235
20.7	0.833445	0.00173611111111	-0.0221508487654
20.72	0.833341	-0.00189722222222	0.00810956790122
20.74	0.833168	0.0022875	0.0347588734568
20.76	0.833549	0.00199583333333	-0.0340721450617
20.78	0.833341	-0.00180138888889	7.52314814723E-05
20.8	0.833272	0.00212222222222	0.0277314814815
20.82	0.833532	0.00194583333333	-0.0452430555555
20.84	0.833445	-0.00195555555556	-0.0297492283951
20.86	0.833289	0.000383333333333	0.0058738425926
20.88	0.833549	-0.000433333333333	-0.00293981481481
20.9	0.833289	-0.00149166666667	0.0476535493827
20.92	0.833341	0.00296388888889	0.0247411265432
20.94	0.833532	0.00194583333333	-0.0966890432099
20.96	0.833514	-0.0029075	-0.134074074074
20.98	0.833341	-0.00531805555555	-0.0959922839506
21	0.833237	-0.00572777777778	-0.0550609567901
