Vernier Format 2
Untitled.cmbl 06-Sep-22 15:07:49 .
Latest
Time	Position	Velocity	Acceleration
t	x	v	acc
s	m	m/s	m/s²

0.02	0.265194	0.251463888889	0.477484567901
0.04	0.270081	0.260636111111	0.464795524691
0.06	0.275383	0.272616666667	0.378009259259
0.08	0.281171	0.27735	0.230235339506
0.1	0.28656	0.278619444444	0.217897376543
0.12	0.292174	0.285026388889	0.270144675926
0.14	0.298014	0.2900375	0.315997299383
0.16	0.303767	0.296172222222	0.418323688272
0.18	0.309728	0.307891666667	0.462795138889
0.2	0.316157	0.316738888889	0.411456404321
0.22	0.322429	0.3239875	0.36665316358
0.24	0.329101	0.331288888889	0.337393904321
0.26	0.335755	0.336073611111	0.377907021605
0.28	0.342461	0.344666666667	0.480470679012
0.3	0.34941	0.358256944444	0.452282021605
0.32	0.356947	0.365623611111	0.295185185185
0.34	0.364156	0.367272222222	0.238456790123
0.36	0.371469	0.374723611111	0.211487268519
0.38	0.379266	0.377298611111	0.141859567901
0.4	0.386631	0.377330555556	0.20537808642
0.42	0.394169	0.385169444444	0.287264660494
0.44	0.402105	0.390608333333	0.301662808642
0.46	0.409799	0.396652777778	0.326386959877
0.48	0.417926	0.403991666667	0.320721450617
0.5	0.425949	0.4111625	0.255590277778
0.52	0.434492	0.4139	0.214469521605
0.54	0.442532	0.415626388889	0.344809027778
0.56	0.450849	0.4285375	0.44578125
0.58	0.459791	0.437258333333	0.386948302469
0.6	0.468438	0.442229166667	0.380210262346
0.62	0.477327	0.45245	0.368360339506
0.64	0.486632	0.458806944444	0.292052469136
0.66	0.495764	0.461844444444	0.308375771605
0.68	0.504948	0.470798611111	0.345513117284
0.7	0.514669	0.477277777778	0.325457175926
0.72	0.524096	0.481851388889	0.374704861111
0.74	0.533765	0.493186111111	0.378433641975
0.76	0.543937	0.499636111111	0.283051697531
0.78	0.553866	0.501944444444	0.291352237654
0.8	0.563882	0.509208333333	0.379625771605
0.82	0.57414	0.520179166667	0.352912808642
0.84	0.584866	0.524495833333	0.277907021605
0.86	0.595142	0.527825	0.331780478395
0.88	0.605782	0.538504166667	0.358956404321
0.9	0.616785	0.5453375	0.266539351852
0.92	0.627737	0.546540277778	0.277816358025
0.94	0.638463	0.554881944444	0.357361111111
0.96	0.649951	0.562908333333	0.358564814815
0.98	0.661042	0.568740277778	0.37112654321
1	0.6726	0.578283333333	0.357391975309
1.02	0.684279	0.58355	0.328043981481
1.04	0.695941	0.589372222222	0.370507330247
1.06	0.707724	0.599525	0.360239197531
1.08	0.719992	0.606945833333	0.227635030864
1.1	0.732209	0.605743055556	0.211902006173
1.12	0.744009	0.612913888889	0.304064429012
1.14	0.756711	0.620859722222	0.280925925926
1.16	0.768962	0.624225	0.247542438272
1.18	0.781594	0.630563888889	0.218030478395
1.2	0.794279	0.63295	0.18494212963
1.22	0.806894	0.636527777778	0.129882330247
1.24	0.819613	0.644366666667	-0.451533564815
1.26	0.832782	0.639918055556	-2.4476408179
1.28	0.845692	0.586927777778	-6.56049189815
1.3	0.858307	0.413013888889	-11.986402392
1.32	0.86607	0.0581402777778	-14.639533179
1.34	0.860386	-0.286209722222	-11.6588290895
1.36	0.850769	-0.448372222222	-6.30187692901
1.38	0.840701	-0.501633333333	-2.34599344136
1.4	0.830148	-0.504875	-0.38553433642
1.42	0.82041	-0.496479166667	0.216062885802
1.44	0.810411	-0.491641666667	0.35503279321
1.46	0.800569	-0.480373611111	0.316755401235
1.48	0.791333	-0.475686111111	0.139625771605
1.5	0.781733	-0.478526388889	0.127420910494
1.52	0.772012	-0.474269444444	0.273520447531
1.54	0.762637	-0.464690277778	0.316440972222
1.56	0.753557	-0.459698611111	0.284770447531
1.58	0.744287	-0.455926388889	0.354214891975
1.6	0.735189	-0.446786111111	0.479567901235
1.62	0.726369	-0.434816666667	0.525900848765
1.64	0.717861	-0.425068055556	0.523524305556
1.66	0.709301	-0.413280555556	0.484274691358
1.68	0.701399	-0.40445	0.393512731481
1.7	0.69322	-0.399822222222	0.393219521605
1.72	0.685232	-0.388654166667	0.395659722222
1.74	0.677781	-0.381854166667	0.321948302469
1.76	0.670052	-0.378391666667	0.348179012346
1.78	0.662462	-0.368293055556	0.386753472222
1.8	0.655358	-0.359597222222	0.302621527778
1.82	0.648271	-0.358354166667	0.306599151235
1.84	0.640837	-0.349841666667	0.416971450617
1.86	0.634235	-0.339066666667	0.429187885802
1.88	0.627407	-0.333119444444	0.449496527778
1.9	0.620753	-0.321094444444	0.45986882716
1.92	0.614654	-0.312861111111	0.394282407407
1.94	0.608312	-0.307408333333	0.405133101852
1.96	0.602195	-0.296036111111	0.384224537037
1.98	0.59658	-0.289608333333	0.276444830247
2	0.590723	-0.287306944444	0.268948688272
2.02	0.584988	-0.281315277778	0.363163580247
2.04	0.579356	-0.2706625	0.385707947531
2.06	0.574296	-0.264523611111	0.35130787037
2.08	0.568803	-0.2596125	0.424403935185
2.1	0.563691	-0.246106944444	0.43974537037
2.12	0.559134	-0.239440277778	0.354517746914
2.14	0.554178	-0.235161111111	0.392291666667
2.16	0.549534	-0.223683333333	0.428063271605
2.18	0.545323	-0.215570833333	0.369328703704
2.2	0.540991	-0.210583333333	0.368707561728
2.22	0.536763	-0.200784722222	0.369201388889
2.24	0.533055	-0.194552777778	0.329791666667
2.26	0.529035	-0.190158333333	0.389866898148
2.28	0.525257	-0.178370833333	0.423786651235
2.3	0.521999	-0.170395833333	0.346888503086
2.32	0.518551	-0.166683333333	0.35200617284
2.34	0.515172	-0.157129166667	0.394567901235
2.36	0.512313	-0.149068055556	0.375549768519
2.38	0.509298	-0.144022222222	0.42727816358
2.4	0.506369	-0.131940277778	0.471433256173
2.42	0.504082	-0.122191666667	0.396799768519
2.44	0.501621	-0.118005555556	0.395505401235
2.46	0.499195	-0.107359722222	0.431398533951
2.48	0.497376	-0.0987722222222	0.387619598765
2.5	0.495296	-0.09225	0.352800925926
2.52	0.493633	-0.0842583333333	0.300640432099
2.54	0.492021	-0.0803347222222	0.265750385802
2.56	0.49041	-0.0756888888889	0.321269290123
2.58	0.488902	-0.0673861111111	0.377046682099
2.6	0.487724	-0.0591486111111	0.380626929012
2.62	0.486598	-0.0528027777778	0.405262345679
2.64	0.485558	-0.0442430555556	0.470271990741
2.66	0.484726	-0.0318708333333	0.447237654321
2.68	0.484414	-0.0245958333333	0.352052469136
2.7	0.483825	-0.0208361111111	0.372770061728
2.72	0.483392	-0.0098625	0.398769290123
2.74	0.483496	-0.00177916666667	0.30293595679
2.76	0.483444	0.00127638888889	0.249006558642
2.78	0.483496	0.00611388888889	0.283377700617
2.8	0.483652	0.0124180555556	0.337515432099
2.82	0.483964	0.0205694444444	0.352160493827
2.84	0.484518	0.0268486111111	0.342868441358
2.86	0.485003	0.0344152777778	0.326066743827
2.88	0.485939	0.0400527777778	0.306481481481
2.9	0.486615	0.0454625	0.339675925926
2.92	0.487689	0.0536694444444	0.372530864198
2.94	0.488781	0.0613486111111	0.362503858025
2.96	0.490167	0.0680652777778	0.346130401235
2.98	0.491467	0.075625	0.313576388889
3	0.493252	0.0810055555556	0.270273919753
3.02	0.494759	0.0841805555556	0.315908564815
3.04	0.49644	0.0944861111111	0.327471064815
3.06	0.498658	0.0996833333333	0.250243055556
3.08	0.500512	0.102019444444	0.277594521605
3.1	0.502626	0.1088375	0.381579861111
3.12	0.504775	0.119409722222	0.405405092593
3.14	0.507496	0.126890277778	0.347444058642
3.16	0.509922	0.131090277778	0.367513503086
3.18	0.512573	0.1418875	0.374124228395
3.2	0.515709	0.147904166667	0.30902970679
3.22	0.518516	0.152988888889	0.29603587963
3.24	0.521791	0.159158333333	0.311716820988
3.26	0.524893	0.165275	0.342615740741
3.28	0.528376	0.172786111111	0.368368055556
3.3	0.531773	0.181102777778	0.347017746914
3.32	0.535671	0.187595833333	0.290507330247
3.34	0.539362	0.190451388889	0.327152777778
3.36	0.543123	0.200194444444	0.386500771605
3.38	0.54742	0.208077777778	0.353061342593
3.4	0.551492	0.214023611111	0.321873070988
3.42	0.555928	0.2214625	0.272874228395
3.44	0.560468	0.224304166667	0.260792824074
3.46	0.564852	0.229408333333	0.347569444444
3.48	0.569496	0.240147222222	0.357482638889
3.5	0.574591	0.245965277778	0.277482638889
3.52	0.579425	0.248177777778	0.311116898148
3.54	0.584312	0.258216666667	0.352235725309
3.56	0.589822	0.265391666667	0.281157407407
3.58	0.595073	0.267416666667	0.295632716049
3.6	0.600393	0.274477777778	0.412559799383
3.62	0.60592	0.286698611111	0.419618055556
3.64	0.612002	0.2938125	0.316786265432
3.66	0.617773	0.296459722222	0.31621720679
3.68	0.623664	0.306375	0.320721450617
3.7	0.630128	0.311961111111	0.234162808642
3.72	0.636262	0.313304166667	0.254461805556
3.74	0.642535	0.319630555556	0.377052469136
3.76	0.648946	0.330534722222	0.410979938272
3.78	0.655843	0.338168055556	0.343310185185
3.8	0.662497	0.344156944444	0.270152391975
3.82	0.669636	0.348470833333	0.230698302469
3.84	0.676481	0.351366666667	0.288175154321
3.86	0.683586	0.358919444444	0.387511574074
3.88	0.69076	0.369495833333	0.378329475309
3.9	0.698488	0.3756	0.300476466049
3.92	0.705852	0.378615277778	0.331165123457
3.94	0.713442	0.388997222222	0.36184220679
3.96	0.721517	0.395401388889	0.305075231482
3.98	0.729332	0.399066666667	0.327152777778
4	0.737321	0.408547222222	0.347025462963
4.02	0.74576	0.414833333333	0.298202160494
4.04	0.75399	0.418344444444	0.327957175926
4.06	0.762325	0.428126388889	0.348159722222
4.08	0.771197	0.434752777778	0.271277006173
4.1	0.779827	0.436941666667	0.267939814815
4.12	0.788508	0.445222222222	0.271435185185
4.14	0.79771	0.450181944444	0.190142746914
4.16	0.806634	0.450869444444	0.183493441358
4.18	0.815627	0.456047222222	0.194376929012
4.2	0.824794	0.463513888889	-0.0932523148148
4.22	0.834342	0.461394444444	-0.982237654321
4.24	0.843526	0.437736111111	-2.7538753858
4.26	0.852329	0.374315277778	-5.6644212963
4.28	0.860144	0.220854166667	-8.80040509259
4.3	0.862864	-0.0150513888889	-9.89327739198
4.32	0.859173	-0.233594444444	-7.96383873457
4.34	0.851601	-0.356605555556	-4.65538194444
4.36	0.843612	-0.402623611111	-2.00561535494
4.38	0.835104	-0.415227777778	-0.517698688272
4.4	0.826717	-0.409229166667	0.0785108024691
4.42	0.818816	-0.404590277778	0.179585262346
4.44	0.810619	-0.402933333333	0.231714891975
4.46	0.802527	-0.394886111111	0.242065972222
4.48	0.79492	-0.391009722222	0.174209104938
4.5	0.786984	-0.390388888889	0.217079475309
4.52	0.779186	-0.384858333333	0.36806712963
4.54	0.771475	-0.373859722222	0.448015046296
4.56	0.764301	-0.365077777778	0.436884645062
4.58	0.756867	-0.356436111111	0.417228009259
4.6	0.750057	-0.348322222222	0.395194830247
4.62	0.742987	-0.342252777778	0.435306712963
4.64	0.736212	-0.330075	0.434579475309
4.66	0.72987	-0.321977777778	0.321811342593
4.68	0.723475	-0.319256944444	0.296194058642
4.7	0.717012	-0.313209722222	0.389884259259
4.72	0.710791	-0.301109722222	0.381477623457
4.74	0.705107	-0.294801388889	0.252426697531
4.76	0.699146	-0.2942125	0.258524305556
4.78	0.693203	-0.288122222222	0.417274305556
4.8	0.68745	-0.274847222222	0.475511188272
4.82	0.682338	-0.265972222222	0.399351851852
4.84	0.676914	-0.261447222222	0.411091820988
4.86	0.671698	-0.250079166667	0.447461419753
4.88	0.666985	-0.241408333333	0.402658179012
4.9	0.662116	-0.235490277778	0.406626157407
4.92	0.65742	-0.224470833333	0.374955632716
4.94	0.653244	-0.2182875	0.267453703704
4.96	0.648808	-0.216488888889	0.278559027778
4.98	0.644458	-0.209694444444	0.392826003086
5	0.6403	-0.198066666667	0.40615933642
5.02	0.636678	-0.191477777778	0.337766203704
5.04	0.63271	-0.187865277778	0.394245756173
5.06	0.62895	-0.175673611111	0.449000771605
5.08	0.625778	-0.167172222222	0.389247685185
5.1	0.622313	-0.160758333333	0.344591049383
5.12	0.619298	-0.153181944444	0.29393904321
5.14	0.616283	-0.149506944444	0.279859182099
5.16	0.613285	-0.144172222222	0.361489197531
5.18	0.610408	-0.1343	0.41597029321
5.2	0.607965	-0.126136111111	0.413767361111
5.22	0.605383	-0.118486111111	0.433784722222
5.24	0.603182	-0.109070833333	0.454268904321
5.26	0.600999	-0.0992236111111	0.428354552469
5.28	0.599249	-0.0906638888889	0.349006558642
5.3	0.597481	-0.0870055555556	0.338859953704
5.32	0.595627	-0.077825	0.368869598765
5.34	0.594432	-0.0709013888889	0.350978009259
5.36	0.592837	-0.0656083333333	0.402766203704
5.38	0.591642	-0.0537416666667	0.408069058642
5.4	0.590827	-0.0477013888889	0.355713734568
5.42	0.589753	-0.0418222222222	0.395625
5.44	0.58906	-0.0324152777778	0.449953703704
5.46	0.588419	-0.0216416666667	0.420341435185
5.48	0.588297	-0.0146333333333	0.348196373457
5.5	0.587899	-0.0106041666667	0.385484182099
5.52	0.587674	0.00125277777778	0.403161651235
5.54	0.588055	0.0085375	0.302324459877
5.56	0.588124	0.0116208333333	0.269922839506
5.58	0.588436	0.0175972222222	0.306502700617
5.6	0.588783	0.0251236111111	0.306853780864
5.62	0.58951	0.0305902777778	0.279768518519
5.64	0.590048	0.0342513888889	0.323711419753
5.66	0.590706	0.0446430555556	0.317970679012
5.68	0.591954	0.0497666666667	0.205432098765
5.7	0.59282	0.0502652777778	0.200293209877
5.72	0.593842	0.0554	0.288196373457
5.74	0.594934	0.0644555555556	0.276257716049
5.76	0.596563	0.068325	0.184230324074
5.78	0.597741	0.0687569444444	0.205030864198
5.8	0.59911	0.0768722222222	0.220171682099
5.82	0.600947	0.0797819444444	0.164471450617
5.84	0.602385	0.0801180555556	0.248383487654
5.86	0.603962	0.088375	0.376103395062
5.88	0.605868	0.0986777777778	0.35434220679
5.9	0.608017	0.104838888889	0.22881558642
5.92	0.610183	0.105458333333	0.19143132716
5.94	0.612106	0.1107125	0.240383873457
5.96	0.614602	0.116827777778	0.23178433642
5.98	0.616889	0.118893055556	0.260806327161
6	0.619194	0.127266666667	0.282685185185
6.02	0.622053	0.132673611111	0.203373842593
6.04	0.624617	0.133405555556	0.197357253086
6.06	0.627217	0.1404875	0.193312114198
6.08	0.630336	0.143223611111	0.120094521605
6.1	0.633039	0.142794444444	0.155540123457
6.12	0.635916	0.147726388889	0.257152777778
6.14	0.638879	0.155416666667	0.26890625
6.16	0.642223	0.160081944444	0.213072916667
6.18	0.645359	0.1614625	0.249347993827
6.2	0.648513	0.169631944444	0.301959876543
6.22	0.652187	0.176077777778	0.251332947531
6.24	0.655635	0.179323611111	0.214772376543
6.26	0.659326	0.183565277778	0.234222608025
6.28	0.663	0.187508333333	0.317478780864
6.3	0.66676	0.195081944444	0.439834104938
6.32	0.670676	0.207597222222	0.446072530864
6.34	0.675164	0.216191666667	0.308912037037
6.36	0.679496	0.217325	0.268395061728
6.38	0.683672	0.2253	0.300634645062
6.4	0.688542	0.231720833333	0.256510416667
6.42	0.693064	0.233980555556	0.281261574074
6.44	0.697778	0.241125	0.37372492284
6.46	0.702629	0.251354166667	0.376141975309
6.48	0.707967	0.257033333333	0.340258487654
6.5	0.712922	0.262081944444	0.403009259259
6.52	0.718242	0.275063888889	0.382642746914
6.54	0.724099	0.2806	0.240474537037
6.56	0.729592	0.281279166667	0.242191358025
6.58	0.735207	0.287456944444	0.364797453704
6.6	0.740994	0.2981125	0.39849537037
6.62	0.747215	0.305601388889	0.325106095679
6.64	0.753245	0.311213888889	0.238825231482
6.66	0.759709	0.3144125	0.199322916667
6.68	0.76586	0.316576388889	0.282453703704
6.7	0.772237	0.324719444444	0.403159722222
6.72	0.77877	0.336008333333	0.385028935185
6.74	0.785823	0.341822222222	0.287662037037
6.76	0.792511	0.344372222222	0.306757330247
6.78	0.799408	0.354320833333	0.316361882716
6.8	0.80679	0.359613888889	0.223740354938
6.82	0.81386	0.362280555556	0.162858796296
6.84	0.821259	0.365238888889	0.108773148148
6.86	0.828433	0.368677777778	-0.0896682098765
6.88	0.836057	0.367934722222	-0.67805941358
6.9	0.843422	0.3501	-1.82127700617
6.92	0.85037	0.307331944444	-3.63408950617
6.94	0.856539	0.214998611111	-5.83904320988
6.96	0.860196	0.0603819444444	-7.22324652778
6.98	0.859242	-0.109295833333	-6.73597993827
7	0.854962	-0.235438888889	-4.78274498457
7.02	0.848794	-0.303675	-2.54299575617
7.04	0.842018	-0.324165277778	-0.927451774691
7.06	0.835589	-0.325523611111	-0.151331018519
7.08	0.829005	-0.323354166667	0.14958912037
7.1	0.822559	-0.316677777778	0.225941358025
7.12	0.816407	-0.312688888889	0.196950231481
7.14	0.810082	-0.3100125	0.204043209877
7.16	0.803913	-0.304008333333	0.195852623457
7.18	0.798022	-0.301744444444	0.182608024691
7.2	0.791853	-0.299368055556	0.277480709877
7.22	0.785875	-0.290038888889	0.348726851852
7.24	0.780312	-0.282894444444	0.329710648148
7.26	0.774663	-0.278918055556	0.395052083333
7.28	0.769031	-0.269666666667	0.554575617284
7.3	0.763712	-0.253544444444	0.579436728395
7.32	0.75905	-0.243463888889	0.465634645062
7.34	0.75406	-0.237398611111	0.430966435185
7.36	0.749398	-0.226083333333	0.391458333333
7.38	0.745136	-0.219723611111	0.280914351852
7.4	0.7407	-0.217258333333	0.270862268519
7.42	0.736298	-0.209386111111	0.29525462963
7.44	0.732417	-0.204668055556	0.30294367284
7.46	0.728119	-0.199661111111	0.401165123457
7.48	0.724238	-0.187	0.424797453704
7.5	0.720772	-0.179904166667	0.342463348765
7.52	0.717133	-0.175877777778	0.366473765432
7.54	0.713633	-0.167715277778	0.485997299383
7.56	0.710289	-0.154031944444	0.511325231482
7.58	0.707585	-0.144404166667	0.413863811728
7.6	0.70464	-0.140194444444	0.411969521605
7.62	0.70178	-0.1286	0.436847993827
7.64	0.699562	-0.119779166667	0.348908179012
7.66	0.697119	-0.116093055556	0.315140817901
7.68	0.694797	-0.108172222222	0.321352237654
7.7	0.692822	-0.101819444444	0.291892361111
7.72	0.690812	-0.0980972222222	0.342091049383
7.74	0.688819	-0.0907347222222	0.494996141975
7.76	0.687017	-0.0763666666667	0.568431712963
7.78	0.685856	-0.0649666666667	0.506080246914
7.8	0.684521	-0.0579083333333	0.493107638889
7.82	0.683378	-0.0450277777778	0.462004243827
7.84	0.682823	-0.0369652777778	0.339114583333
7.86	0.682009	-0.0333513888889	0.302810570988
7.88	0.68142	-0.0270569444444	0.359920910494
7.9	0.680865	-0.0184458333333	0.405954861111
7.92	0.680674	-0.00880555555556	0.367723765432
7.94	0.68064	-0.00451388888889	0.344535108025
7.96	0.680363	0.00454722222222	0.33190779321
7.98	0.680865	0.0112097222222	0.230634645062
8	0.680969	0.0118666666667	0.216194058642
8.02	0.681229	0.0169986111111	0.31302662037
8.04	0.681524	0.0268388888889	0.312613811728
8.06	0.682425	0.0321708333333	0.199187885803
8.08	0.682927	0.0322930555556	0.176010802469
8.1	0.683551	0.0384625	0.190640432099
8.12	0.684539	0.0418027777778	0.141182484568
8.14	0.685301	0.0422097222222	0.169376929012
8.16	0.686081	0.0483958333333	0.204643132716
8.18	0.687311	0.0517888888889	0.183391203704
8.2	0.68816	0.0549277777778	0.188674768519
8.22	0.689443	0.0602180555556	0.163728780864
8.24	0.69069	0.0610319444444	0.166599151235
8.26	0.691834	0.0642847222222	0.269261188272
8.28	0.693099	0.0738555555556	0.286369598765
8.3	0.694918	0.0783569444444	0.202542438272
8.32	0.696339	0.0789666666667	0.236462191358
8.34	0.697916	0.08595	0.340569058642
8.36	0.699701	0.0958666666667	0.316444830247
8.38	0.701902	0.100166666667	0.225864197531
8.4	0.703773	0.101536111111	0.262077546296
8.42	0.705766	0.110538888889	0.306157407407
8.44	0.708261	0.116797222222	0.240167824074
8.46	0.710566	0.118504166667	0.240613425926
8.48	0.712905	0.1239375	0.33328125
8.5	0.7154	0.134195833333	0.333094135802
8.52	0.718398	0.139544444444	0.246157407407
8.54	0.721084	0.141034722222	0.281392746914
8.56	0.723891	0.148570833333	0.405428240741
8.58	0.726924	0.1602875	0.410707947531
8.6	0.730441	0.167027777778	0.328032407407
8.62	0.733682	0.170379166667	0.355416666667
8.64	0.737061	0.181108333333	0.393929398148
8.66	0.741012	0.188780555556	0.331400462963
8.68	0.74472	0.192266666667	0.342696759259
8.7	0.748515	0.2025875	0.349591049383
8.72	0.752933	0.208586111111	0.273672839506
8.74	0.756971	0.210425	0.321222993827
8.76	0.76113	0.221005555556	0.375366512346
8.78	0.76586	0.229070833333	0.283516589506
8.8	0.770418	0.232322222222	0.19352816358
8.82	0.775183	0.233830555556	0.225162037037
8.84	0.779636	0.240651388889	0.301188271605
8.86	0.784818	0.247990277778	0.294116512346
8.88	0.789652	0.251401388889	0.315868055556
8.9	0.794712	0.261251388889	0.305239197531
8.92	0.80024	0.265073611111	0.240171682099
8.94	0.805334	0.268638888889	0.26505787037
8.96	0.810897	0.275427777778	0.290005787037
8.98	0.816338	0.282347222222	0.229369212963
9	0.822281	0.285768055556	0.109099151235
9.02	0.827861	0.284597222222	0.045574845679
9.04	0.833493	0.289281944444	-0.134434799383
9.06	0.839592	0.285377777778	-0.658101851852
9.08	0.845137	0.267525	-1.50458526235
9.1	0.850474	0.233258333333	-2.78270447531
9.12	0.855118	0.161763888889	-4.25712191358
9.14	0.857666	0.052925	-5.1489371142
9.16	0.857388	-0.0650569444444	-4.92543016975
9.18	0.854581	-0.159004166667	-3.83753858025
9.2	0.850492	-0.221534722222	-2.4962654321
9.22	0.845276	-0.255793055556	-1.30210841049
9.24	0.839869	-0.266809722222	-0.496684027778
9.26	0.834463	-0.268027777778	-0.115079089506
9.28	0.829178	-0.268029166667	0.0454147376543
9.3	0.823737	-0.267020833333	0.188169367284
9.32	0.818348	-0.259733333333	0.28637345679
9.34	0.813392	-0.253386111111	0.29262345679
9.36	0.808297	-0.249915277778	0.360474537037
9.38	0.803203	-0.238893055556	0.416859567901
9.4	0.798801	-0.230086111111	0.344228395062
9.42	0.79414	-0.226858333333	0.333443287037
9.44	0.789565	-0.217640277778	0.358763503086
9.46	0.785493	-0.210679166667	0.317542438272
9.48	0.781213	-0.206490277778	0.333989197531
9.5	0.777089	-0.196983333333	0.335480324074
9.52	0.773433	-0.191430555556	0.278624614198
9.54	0.769499	-0.188277777778	0.318836805556
9.56	0.765739	-0.178836111111	0.365383873457
9.58	0.762395	-0.171381944444	0.331701388889
9.6	0.758981	-0.167081944444	0.360044367284
9.62	0.755619	-0.159015277778	0.46071566358
9.64	0.7525	-0.146180555556	0.459297839506
9.66	0.749901	-0.1383125	0.358587962963
9.68	0.747059	-0.134441666667	0.35643904321
9.7	0.744373	-0.124933333333	0.396460262346
9.72	0.742103	-0.116794444444	0.371153549383
9.74	0.739764	-0.11095	0.37212191358
9.76	0.737563	-0.101641666667	0.361593364198
9.78	0.735778	-0.0953319444444	0.312569444444
9.8	0.73382	-0.0916930555556	0.364679783951
9.82	0.731914	-0.0804527777778	0.409523533951
9.84	0.730701	-0.0727736111111	0.357764274691
9.86	0.729107	-0.0688972222222	0.407390046296
9.88	0.727721	-0.0563638888889	0.443863811728
9.9	0.726941	-0.0477291666667	0.350158179012
9.92	0.725953	-0.0442305555556	0.331545138889
9.94	0.72507	-0.0370125	0.407677469136
9.96	0.724359	-0.0255138888889	0.391635802469
9.98	0.724186	-0.0191847222222	0.287150848765
10	0.723683	-0.0169194444444	0.294226466049
10.02	0.723337	-0.00813472222222	0.341687885802
10.04	0.723423	-0.00146527777778	0.32722029321
10.06	0.723337	0.00323472222222	0.374403935185
10.08	0.723389	0.0141555555556	0.391888503086
10.1	0.724013	0.0208638888889	0.332606095679
10.12	0.72429	0.0250680555556	0.361128472222
10.14	0.724844	0.0357625	0.364126157407
10.16	0.725815	0.0422152777778	0.269330632716
10.18	0.726629	0.0449805555556	0.243233024691
10.2	0.727565	0.0496513888889	0.309467592593
10.22	0.728518	0.0580694444444	0.353408564815
10.24	0.729904	0.06635	0.293080632716
10.26	0.731325	0.068375	0.279187885802
10.28	0.732486	0.0761986111111	0.316780478395
10.3	0.734375	0.0836069444444	0.265005787037
10.32	0.735986	0.0854166666667	0.278310185185
10.34	0.737685	0.0918638888889	0.398912037037
10.36	0.739521	0.103725	0.41959683642
10.38	0.74193	0.111866666667	0.30912808642
10.4	0.744148	0.113861111111	0.282432484568
10.42	0.746366	0.120358333333	0.364724151235
10.44	0.748844	0.131280555556	0.337289737654
10.46	0.751772	0.136123611111	0.222156635802
10.48	0.754389	0.136780555556	0.245418595679
10.5	0.757075	0.144069444444	0.356909722222
10.52	0.760125	0.153180555556	0.38994212963
10.54	0.763278	0.159847222222	0.39899691358
10.56	0.766432	0.169484722222	0.37815779321
10.58	0.770106	0.176769444444	0.286080246914
10.6	0.773623	0.179220833333	0.26302662037
10.62	0.777158	0.185922222222	0.295318287037
10.64	0.78104	0.193308333333	0.239839891975
10.66	0.785025	0.195380555556	0.182835648148
10.68	0.788786	0.199493055556	0.168429783951
10.7	0.792996	0.2035125	0.115515046296
10.72	0.797069	0.202429166667	0.141826774691
10.74	0.800967	0.206641666667	0.265817901235
10.76	0.805196	0.216270833333	0.262139274691
10.78	0.809805	0.219	0.178715277778
10.8	0.813998	0.219844444444	0.224978780864
10.82	0.818382	0.228781944444	0.241520061728
10.84	0.823286	0.232520833333	0.136082175926
10.86	0.827792	0.231838888889	0.0986631944445
10.88	0.832366	0.237561111111	-0.0185532407407
10.9	0.837426	0.236316666667	-0.382341820988
10.92	0.84207	0.222915277778	-0.838402777778
10.94	0.846368	0.203940277778	-1.42258873457
10.96	0.85037	0.172743055556	-2.31691358025
10.98	0.853801	0.114030555556	-3.29393904321
11	0.855378	0.0317055555556	-3.78498263889
11.02	0.85498	-0.0490444444444	-3.61867283951
11.04	0.853264	-0.120429166667	-2.96719521605
11.06	0.849903	-0.174055555556	-1.96369984568
11.08	0.845778	-0.199230555556	-0.961736111111
11.1	0.841585	-0.204441666667	-0.362957175926
11.12	0.837617	-0.206754166667	-0.146051311728
11.14	0.833337	-0.209044444444	-0.0484104938271
11.16	0.829213	-0.209079166667	0.0398900462963
11.18	0.824967	-0.208241666667	0.15150462963
11.2	0.820756	-0.201761111111	0.203969907407
11.22	0.816961	-0.197925	0.169880401235
11.24	0.812924	-0.196891666667	0.219054783951
11.26	0.80899	-0.191598611111	0.366429398148
11.28	0.805126	-0.180519444444	0.446898148148
11.3	0.801834	-0.171184722222	0.414382716049
11.32	0.798368	-0.165502777778	0.424182098765
11.34	0.795059	-0.15405	0.418508873457
11.36	0.792286	-0.146331944444	0.322833719136
11.38	0.789323	-0.1429625	0.304764660494
11.4	0.786481	-0.136397222222	0.372883873457
11.42	0.78376	-0.125848611111	0.358859953704
11.44	0.781577	-0.120088888889	0.265119598765
11.46	0.779047	-0.118327777778	0.288481867284
11.48	0.776639	-0.108631944444	0.32037037037
11.5	0.774802	-0.103059722222	0.268479938272
11.52	0.772601	-0.100169444444	0.315895061728
11.54	0.770678	-0.0923527777778	0.439021990741
11.56	0.768823	-0.0808708333333	0.493742283951
11.58	0.767489	-0.0705291666667	0.453777006173
11.6	0.766086	-0.0638152777778	0.43934220679
11.62	0.764821	-0.0530402777778	0.42434992284
11.64	0.764024	-0.0448875	0.334965277778
11.66	0.76314	-0.0413763888889	0.313979552469
11.68	0.762239	-0.0331472222222	0.326417824074
11.7	0.76184	-0.0263333333333	0.275349151235
11.72	0.761303	-0.0235333333333	0.290077160494
11.74	0.760818	-0.0174694444444	0.41475308642
11.76	0.760454	-0.00488194444444	0.453746141975
11.78	0.760749	0.00290833333333	0.385625
11.8	0.760575	0.0098875	0.330954861111
11.82	0.76113	0.0167013888889	0.265445601852
11.84	0.761372	0.0186791666667	0.288614969136
11.86	0.761754	0.0259972222222	0.398063271605
11.88	0.762291	0.0378472222222	0.372604166667
11.9	0.763434	0.0431694444444	0.254845679012
11.92	0.76411	0.0445763888889	0.274724151235
11.94	0.765046	0.0527347222222	0.356828703704
11.96	0.766207	0.0613930555556	0.346253858025
11.98	0.767593	0.0670736111111	0.313244598765
12	0.76891	0.0717013888889	0.359701003086
12.02	0.770314	0.0820472222222	0.385381944444
12.04	0.772272	0.0894	0.321132330247
12.06	0.773987	0.0929361111111	0.329039351852
12.08	0.775841	0.101993055556	0.359774305556
12.1	0.778111	0.109413888889	0.310787037037
12.12	0.780312	0.113172222222	0.30553433642
12.14	0.782513	0.121468055556	0.303869598765
12.16	0.785233	0.126958333333	0.248607253086
12.18	0.787677	0.1295375	0.275071373457
12.2	0.790311	0.136333333333	0.361930941358
12.22	0.793048	0.146302777778	0.357617669753
12.24	0.796272	0.152344444444	0.278207947531
12.26	0.799217	0.1550125	0.283184799383
12.28	0.802302	0.163918055556	0.28087191358
12.3	0.805871	0.168705555556	0.195503472222
12.32	0.809181	0.168855555556	0.230684799383
12.34	0.812456	0.175759722222	0.345219907407
12.36	0.816112	0.186427777778	0.308296682099
12.38	0.820098	0.190088888889	0.181080246914
12.4	0.823789	0.190176388889	0.176284722222
12.42	0.827497	0.197754166667	0.14255787037
12.44	0.831829	0.1995125	-0.037125771605
12.46	0.835641	0.194443055556	-0.164598765432
12.48	0.839506	0.191981944444	-0.30046875
12.5	0.8433	0.187741666667	-0.700613425926
12.52	0.847286	0.169477777778	-1.38192901235
12.54	0.850422	0.131833333333	-2.07088155864
12.56	0.85264	0.0854375	-2.67141203704
12.58	0.854165	0.0222625	-3.06165509259
12.6	0.853645	-0.0462527777778	-2.95395640432
12.62	0.852051	-0.102345833333	-2.46543209877
12.64	0.849383	-0.147163888889	-1.79579282407
12.66	0.845917	-0.175736111111	-1.04930362654
12.68	0.842053	-0.187477777778	-0.415206404321
12.7	0.838189	-0.186520833333	-0.075206404321
12.72	0.834671	-0.186401388889	0.0368325617284
12.74	0.830755	-0.186519444444	0.159944058642
12.76	0.827012	-0.17865	0.212004243827
12.78	0.823737	-0.1757125	0.174500385802
12.8	0.820046	-0.174505555556	0.249091435185
12.82	0.816598	-0.166827777778	0.357332175926
12.84	0.813323	-0.157136111111	0.339782021605
12.86	0.810429	-0.151677777778	0.250023148148
12.88	0.807327	-0.1498	0.265511188272
12.9	0.804277	-0.141536111111	0.320520833333
12.92	0.801765	-0.136388888889	0.360513117284
12.94	0.798784	-0.129176388889	0.469413580247
12.96	0.79641	-0.114565277778	0.438447145062
12.98	0.794417	-0.10905	0.298015046296
13	0.792095	-0.105693055556	0.28472029321
13.02	0.790103	-0.0990791666667	0.339211033951
13.04	0.788127	-0.0919597222222	0.395244984568
13.06	0.78636	-0.0817319444444	0.378973765432
13.08	0.784956	-0.0758875	0.311120756173
13.1	0.78331	-0.0700152777778	0.274320987654
13.12	0.782166	-0.0646736111111	0.237451774691
13.14	0.780797	-0.0623805555556	0.287984182099
13.16	0.779515	-0.0534277777778	0.361024305556
13.18	0.778735	-0.0468583333333	0.389641203704
13.2	0.777626	-0.0392222222222	0.457428626543
13.22	0.77702	-0.0261319444444	0.41347029321
13.24	0.77676	-0.0207277777778	0.296691743827
13.26	0.776257	-0.0176694444444	0.322773919753
13.28	0.775928	-0.00974583333333	0.427237654321
13.3	0.775772	0.00216805555556	0.422511574074
13.32	0.776136	0.0094375	0.315542052469
13.34	0.77624	0.0124458333333	0.297185570988
13.36	0.7765	0.0204847222222	0.324573688272
13.38	0.777124	0.0263291666667	0.322660108025
13.4	0.777557	0.0323194444444	0.35112654321
13.42	0.778302	0.0422652777778	0.293458719136
13.44	0.779394	0.0457819444444	0.17828125
13.46	0.780226	0.0459402777778	0.214562114198
13.48	0.781092	0.0517791666667	0.360590277778
13.5	0.782166	0.0632375	0.397262731481
13.52	0.78376	0.0699125	0.332131558642
13.54	0.785025	0.0738236111111	0.354782021605
13.56	0.786516	0.0849611111111	0.339809027778
13.58	0.78856	0.0902541666667	0.225320216049
13.6	0.790259	0.0907347222222	0.246938657407
13.62	0.792026	0.0975583333333	0.36965470679
13.64	0.794053	0.108976388889	0.349917052469
13.66	0.796549	0.113836111111	0.221253858025
13.68	0.798645	0.116191666667	0.150835262346
13.7	0.801158	0.119323611111	0.124050925926
13.72	0.803497	0.119804166667	0.176666666667
13.74	0.805871	0.124288888889	0.315395447531
13.76	0.808332	0.134422222222	0.366533564815
13.78	0.81133	0.141656944444	0.299648919753
13.8	0.814102	0.144713888889	0.285152391975
13.82	0.816996	0.152186111111	0.295750385803
13.84	0.820185	0.159234722222	0.201448688272
13.86	0.823512	0.160398611111	0.101882716049
13.88	0.826613	0.16045	0.116124614198
13.9	0.829802	0.165579166667	0.104577546296
13.92	0.833319	0.166952777778	-0.021456404321
13.94	0.836508	0.166016666667	-0.22524691358
13.96	0.84006	0.159151388889	-0.490258487654
13.98	0.843023	0.144908333333	-0.706124614198
14	0.845813	0.130497222222	-0.931757330247
14.02	0.848274	0.111934722222	-1.35021604938
14.04	0.850578	0.0786763888889	-1.84952932099
14.06	0.851653	0.0333388888889	-2.11982445988
14.08	0.851878	-0.0119083333333	-2.08605902778
14.1	0.851064	-0.0521736111111	-1.89154899691
14.12	0.849747	-0.0881888888889	-1.62040123457
14.14	0.847494	-0.119819444444	-1.21808641975
14.16	0.844669	-0.137238888889	-0.802463348765
14.18	0.841914	-0.148545833333	-0.528234953704
14.2	0.83876	-0.158363888889	-0.274886188272
14.22	0.835433	-0.160884722222	0.00657600308643
14.24	0.832158	-0.155197222222	0.151419753086
14.26	0.829334	-0.1528125	0.185576774691
14.28	0.82599	-0.148204166667	0.213520447531
14.3	0.823373	-0.142652777778	0.178524305556
14.32	0.820427	-0.142381944444	0.209048996914
14.34	0.817568	-0.137033333333	0.348069058642
14.36	0.814813	-0.126397222222	0.403171296296
14.38	0.812595	-0.118293055556	0.345943287037
14.4	0.810186	-0.114536111111	0.350169753086
14.42	0.807847	-0.104569444444	0.360696373457
14.44	0.806062	-0.0974444444444	0.277017746914
14.46	0.804087	-0.0952819444444	0.274104938272
14.48	0.802163	-0.0895541666667	0.390183256173
14.5	0.800344	-0.0773736111111	0.411633873457
14.52	0.799183	-0.0697805555556	0.298863811728
14.54	0.797692	-0.0678041666667	0.281325231481
14.56	0.796358	-0.0614638888889	0.386552854938
14.58	0.795128	-0.0504958333333	0.418069058642
14.6	0.794417	-0.0424833333333	0.342287808642
14.62	0.793464	-0.0367222222222	0.253514660494
14.64	0.792979	-0.0328416666667	0.201070601852
14.66	0.792217	-0.0311861111111	0.265638503086
14.68	0.791593	-0.0236375	0.388707561728
14.7	0.791177	-0.0120875	0.365978009259
14.72	0.791298	-0.00796527777778	0.297417052469
14.74	0.790848	-0.00336944444444	0.352451774691
14.76	0.791038	0.0061625	0.40440779321
14.78	0.791108	0.0150916666667	0.36637345679
14.8	0.791714	0.0214402777778	0.295640432099
14.82	0.792026	0.0247194444444	0.307550154321
14.84	0.792546	0.0340569444444	0.315850694444
14.86	0.793499	0.0391583333333	0.25543595679
14.88	0.794175	0.0418486111111	0.284077932099
14.9	0.794989	0.0513291666667	0.278007330247
14.92	0.796358	0.0554	0.18740933642
14.94	0.797311	0.0556888888889	0.229425154321
14.96	0.79842	0.0626680555556	0.346753472222
14.98	0.799754	0.0723972222222	0.34884837963
15	0.801418	0.0784180555556	0.264490740741
15.02	0.802943	0.0815625	0.227635030864
15.04	0.804606	0.0872	0.21975308642
15.06	0.806513	0.0900388888889	0.24012345679
15.08	0.808176	0.0946027777778	0.349021990741
15.1	0.810134	0.105777777778	0.385543981481
15.12	0.812543	0.112036111111	0.335385802469
15.14	0.814657	0.1167	0.366298225309
15.16	0.817031	0.127908333333	0.335673225309
15.18	0.819907	0.1333	0.174199459877
15.2	0.822489	0.132920833333	0.0936786265432
15.22	0.82514	0.135408333333	0.0913541666667
15.24	0.827948	0.136222222222	0.11256558642
15.26	0.830512	0.140231944444	0.116317515432
15.28	0.833579	0.143175	0.0110821759259
15.3	0.836369	0.140172222222	-0.094380787037
15.32	0.83909	0.139802777778	-0.23152970679
15.34	0.842087	0.133183333333	-0.476741898148
15.36	0.844548	0.119763888889	-0.712760416667
15.38	0.846801	0.106663888889	-1.05402199074
15.4	0.849053	0.0807958333333	-1.51564429012
15.42	0.850284	0.0426805555556	-1.80935570988
15.44	0.850752	0.00312777777778	-1.83801890432
15.46	0.850301	-0.0323222222222	-1.73386381173
15.48	0.849487	-0.0670013888889	-1.53801697531
15.5	0.847598	-0.0982930555556	-1.13051697531
15.52	0.845224	-0.113502777778	-0.653414351852
15.54	0.842954	-0.1210625	-0.319579475309
15.56	0.840389	-0.126111111111	-0.036824845679
15.58	0.837669	-0.120526388889	0.119405864198
15.6	0.835624	-0.116923611111	0.0825597993827
15.62	0.833163	-0.119369444444	0.129104938272
15.64	0.830703	-0.115297222222	0.305636574074
15.66	0.828381	-0.104473611111	0.366657021605
15.68	0.826596	-0.0959513888889	0.225667438272
15.7	0.824777	-0.0974472222222	0.14625
15.72	0.822524	-0.0928097222222	0.179245756173
15.74	0.821051	-0.0875888888889	0.108788580247
15.76	0.819179	-0.0889263888889	0.0457330246914
15.78	0.817343	-0.0852166666667	-0.0423321759259
15.8	0.815939	-0.0892652777778	-0.15212191358
15.82	0.813877	-0.0965027777778	-0.0132465277777
15.84	0.81185	-0.0934972222222	0.298643904321
15.86	0.809961	-0.0818291666667	0.521259645062
15.88	0.808644	-0.0705388888889	0.656300154321
15.9	0.807154	-0.0584347222222	0.884675925926
15.92	0.806045	-0.0347875	1.07444251543
15.94	0.805767	-0.0106458333333	1.03595100309
15.96	0.80575	0.00815694444444	0.882675540124
15.98	0.806079	0.0255819444444	0.638952546296
16	0.806859	0.0367958333333	0.244565972222
16.02	0.807777	0.0362916666667	-0.198373842593
16.04	0.808453	0.0266958333333	-0.539932484568
16.06	0.808869	0.0134375	-0.766238425926
16.08	0.809164	-0.00733888888889	-0.755628858025
16.1	0.808557	-0.0250777777778	-0.321606867284
16.12	0.807795	-0.024475	0.329581404321
16.14	0.807275	-0.00761111111111	0.805869984568
16.16	0.8075	0.0125097222222	1.0393441358
16.18	0.807777	0.0339902777778	1.20069058642
16.2	0.808679	0.0628208333333	1.2130787037
16.22	0.810394	0.08695	0.994558256173
16.24	0.8123	0.103538888889	0.684758873457
16.26	0.814553	0.116080555556	0.279230324074
16.28	0.817187	0.115858333333	-0.162091049383
16.3	0.81937	0.105729166667	-0.414456018519
16.32	0.821346	0.0966541666667	-0.503454861111
16.34	0.823321	0.0840611111111	-0.461483410494
16.36	0.82469	0.0740263888889	-0.207540509259
16.38	0.826076	0.0741013888889	0.121711033951
16.4	0.827497	0.0821236111111	0.314272762346
16.42	0.829421	0.0895291666667	0.363109567901
16.44	0.831136	0.0950069444444	0.434076003086
16.46	0.833007	0.108545833333	0.40425154321
16.48	0.835607	0.116181944444	0.139272762346
16.5	0.837877	0.113311111111	-0.13731867284
16.52	0.840043	0.111263888889	-0.46615933642
16.54	0.842521	0.0981472222222	-0.924241898148
16.56	0.844254	0.0715958333333	-1.24731481481
16.58	0.84538	0.0431444444444	-1.33079475309
16.6	0.845865	0.0182402777778	-1.35337191358
16.62	0.846229	-0.0106597222222	-1.34050733025
16.64	0.845484	-0.0402875	-1.09947916667
16.66	0.844323	-0.0563930555556	-0.764930555556
16.68	0.843179	-0.0682069444444	-0.534882330247
16.7	0.841585	-0.0775388888889	-0.339635416667
16.72	0.839939	-0.0805972222222	-0.218707561728
16.74	0.838397	-0.0845333333333	-0.174735725309
16.76	0.836594	-0.0888916666667	-0.0865740740741
16.78	0.83474	-0.0888583333333	0.0218537808642
16.8	0.832955	-0.0854083333333	0.0225038580247
16.82	0.831448	-0.0865138888889	-0.0352507716049
16.84	0.829559	-0.0902708333333	0.0503587962963
16.86	0.827636	-0.0852930555556	0.174818672839
16.88	0.82618	-0.0812055555556	0.21631558642
16.9	0.824378	-0.0761958333333	0.239135802469
16.92	0.823165	-0.0720805555556	0.275999228395
16.94	0.821484	-0.0672125	0.392341820988
16.96	0.820289	-0.0544597222222	0.425001929012
16.98	0.819457	-0.0476611111111	0.344259259259
17	0.818434	-0.0429111111111	0.335351080247
17.02	0.817603	-0.0336652777778	0.298670910494
17.04	0.817187	-0.0287930555556	0.192118055556
17.06	0.81658	-0.0287222222222	0.204982638889
17.08	0.815904	-0.0232958333333	0.326658950617
17.1	0.815523	-0.0126694444444	0.327403549383
17.12	0.815541	-0.00778611111111	0.22694058642
17.14	0.815281	-0.00596666666667	0.226851851852
17.16	0.815229	-0.000916666666666	0.325320216049
17.18	0.815177	0.0072125	0.420208333333
17.2	0.815454	0.0185666666667	0.392600308642
17.22	0.81606	0.0238902777778	0.301639660494
17.24	0.816372	0.0298430555556	0.235397376543
17.26	0.817273	0.0343263888889	0.13987654321
17.28	0.81788	0.0334347222222	0.136774691358
17.3	0.818469	0.0381694444444	0.201601080247
17.32	0.81937	0.0441152777778	0.169411651235
17.34	0.820375	0.0449638888889	0.13884837963
17.36	0.821138	0.0469583333333	0.210572916667
17.38	0.822108	0.0545819444444	0.238697916667
17.4	0.823425	0.0585805555556	0.181105324074
17.42	0.824517	0.0598236111111	0.189182098765
17.44	0.82566	0.0667986111111	0.166057098765
17.46	0.827306	0.0686638888889	0.0630767746914
17.48	0.828502	0.0669611111111	0.0562384259259
17.5	0.829871	0.0694388888889	0.101514274691
17.52	0.831223	0.0736875	0.0426446759259
17.54	0.832955	0.0726736111111	-0.0830285493827
17.56	0.83422	0.0673222222222	-0.0979803240741
17.58	0.835451	0.0691722222222	-0.129677854938
17.6	0.837114	0.0652680555556	-0.277905092593
17.62	0.838206	0.0556638888889	-0.328711419753
17.64	0.839228	0.0498361111111	-0.291195987654
17.66	0.840129	0.0466152777778	-0.358942901235
17.68	0.841238	0.0372083333333	-0.509324845679
17.7	0.841654	0.0251277777778	-0.619695216049
17.72	0.842243	0.0120875	-0.696631944444
17.74	0.842226	-0.00441666666667	-0.680455246914
17.76	0.841984	-0.0171611111111	-0.570013503086
17.78	0.841446	-0.0259513888889	-0.497625385802
17.8	0.841013	-0.0362444444444	-0.45380787037
17.82	0.840008	-0.0464736111111	-0.323701774691
17.84	0.838951	-0.0482819444444	-0.229695216049
17.86	0.838171	-0.0530958333333	-0.237621527778
17.88	0.836906	-0.0604555555556	-0.146828703704
17.9	0.835537	-0.0590986111111	-0.0543055555556
17.92	0.834602	-0.0598944444444	-0.0615412808642
17.94	0.833233	-0.0633277777778	0.00265432098767
17.96	0.83195	-0.0617361111111	0.135366512346
17.98	0.830651	-0.0555013888889	0.171905864198
18	0.829836	-0.0527611111111	0.117569444444
18.02	0.828623	-0.0534722222222	0.158335262346
18.04	0.827497	-0.0464638888889	0.204947916667
18.06	0.826856	-0.0427569444444	0.157804783951
18.08	0.825886	-0.0426430555556	0.205264274691
18.1	0.82495	-0.0347305555556	0.256977237654
18.12	0.824569	-0.0297541666667	0.214726080247
18.14	0.823858	-0.0280486111111	0.255308641975
18.16	0.823338	-0.0215652777778	0.369446373457
18.18	0.822905	-0.011525	0.408117283951
18.2	0.822905	-0.0021375	0.309782021605
18.22	0.822992	-0.000291666666667	0.242735339506
18.24	0.822766	0.00596944444445	0.244112654321
18.26	0.823252	0.0112902777778	0.180418595679
18.28	0.823338	0.0117958333333	0.169388503086
18.3	0.823564	0.0181986111111	0.149434799383
18.32	0.82417	0.0198555555556	0.0597685185185
18.34	0.824465	0.0178347222222	0.0899209104938
18.36	0.824742	0.0213916666667	0.201624228395
18.38	0.825227	0.0288111111111	0.201369598765
18.4	0.826042	0.0308763888889	0.136608796296
18.42	0.826492	0.0315180555556	0.167361111111
18.44	0.827133	0.0384291666667	0.160140817901
18.46	0.828138	0.0407180555556	0.0454938271605
18.48	0.828883	0.0381958333333	0.011087962963
18.5	0.829559	0.0393541666667	0.0490702160494
18.52	0.830408	0.0422236111111	0.0173958333333
18.54	0.831379	0.0403930555556	-0.0264602623457
18.56	0.83202	0.0384847222222	0.0282831790124
18.58	0.832748	0.0430263888889	0.0254166666667
18.6	0.833891	0.0417777777778	-0.0671971450617
18.62	0.834498	0.0373555555556	-0.0508757716049
18.64	0.835191	0.0399986111111	-0.0484702932099
18.66	0.836196	0.0385069444444	-0.164641203704
18.68	0.836872	0.031425	-0.207472993827
18.7	0.837322	0.0288236111111	-0.200914351852
18.72	0.838015	0.0259944444444	-0.288030478395
18.74	0.838518	0.0171375	-0.362212577161
18.76	0.838691	0.00832361111111	-0.309170524691
18.78	0.838691	0.00560416666667	-0.277067901235
18.8	0.83902	-0.000672222222222	-0.322729552469
18.82	0.838743	-0.00997916666667	-0.268865740741
18.84	0.838414	-0.0111819444444	-0.225733024691
18.86	0.838397	-0.0164611111111	-0.273867669753
18.88	0.837842	-0.0244763888889	-0.223736496914
18.9	0.837288	-0.0271736111111	-0.105194830247
18.92	0.836681	-0.0266236111111	-0.0650385802469
18.94	0.8363	-0.0283319444444	-0.0924961419753
18.96	0.835589	-0.0319847222222	-0.0677970679012
18.98	0.834879	-0.0303388888889	-0.0655555555556
19	0.834498	-0.0333277777778	-0.101847993827
19.02	0.833597	-0.0378125	0.000974151234559
19.04	0.832765	-0.0332944444444	0.103119212963
19.06	0.832314	-0.0304708333333	0.0814834104938
19.08	0.831656	-0.0311875	0.099274691358
19.1	0.83098	-0.0285888888889	0.187843364198
19.12	0.830391	-0.0212930555556	0.182482638889
19.14	0.83027	-0.0192763888889	0.0937075617284
19.16	0.829698	-0.0206805555556	0.124780092593
19.18	0.829247	-0.0144166666667	0.164147376543
19.2	0.829213	-0.0117472222222	0.110848765432
19.22	0.828831	-0.0111222222222	0.0982638888889
19.24	0.828693	-0.00796944444445	0.093387345679
19.26	0.828571	-0.00724861111111	0.101236496914
19.28	0.828398	-0.00543472222222	0.177287808642
19.3	0.828294	-0.000977777777778	0.279278549383
19.32	0.82826	0.00789722222222	0.27896412037
19.34	0.82871	0.0124875	0.161574074074
19.36	0.828814	0.0139152777778	0.0505709876543
19.38	0.829265	0.0143680555556	-0.0410744598765
19.4	0.82949	0.0106986111111	-0.046350308642
19.42	0.829628	0.0101041666667	0.0511072530864
19.44	0.829767	0.0144236111111	0.0822955246913
19.46	0.830287	0.0159652777778	0.00797453703703
19.48	0.83053	0.0123958333333	0.0177044753087
19.5	0.830599	0.0157791666667	0.0672858796296
19.52	0.831205	0.0176652777778	0.0208661265432
19.54	0.831431	0.0148013888889	0.0427199074074
19.56	0.831621	0.0189361111111	0.0704783950617
19.58	0.832245	0.0201680555556	-0.00435956790124
19.6	0.832505	0.01855	-0.0703414351852
19.62	0.833007	0.0155694444444	-0.0665297067901
19.64	0.833042	0.0156972222222	-0.0403298611111
19.66	0.833666	0.0152597222222	-0.0623418209877
19.68	0.833735	0.0114347222222	-0.0228915895062
19.7	0.833926	0.0152638888889	-0.0215817901235
19.72	0.834498	0.0129430555556	-0.111155478395
19.74	0.834532	0.0073125	-0.0618827160494
19.76	0.834567	0.010425	-0.0153935185185
19.78	0.835035	0.00981944444445	-0.088856095679
19.8	0.835052	0.005875	-0.120798611111
19.82	0.835243	0.00282222222222	-0.069581404321
19.84	0.83507	0.0033875	-0.0243229166667
19.86	0.835381	0.004425	-0.0870640432099
19.88	0.835399	-0.00110277777778	-0.11899691358
19.9	0.835191	-0.00118472222222	-0.108505015432
19.92	0.835433	-0.00437777777778	-0.126103395062
19.94	0.83507	-0.00907222222222	-0.028755787037
19.96	0.834844	-0.00476944444444	0.0331153549383
19.98	0.834983	-0.00438194444445	-0.0413927469136
20	0.834792	-0.00869027777778	-0.0352411265432
20.02	0.834463	-0.00661666666667	0.000547839506194
20.04	0.834567	-0.00625972222222	-0.0486728395061
20.06	0.834324	-0.0098625	-0.0424074074074
20.08	0.834082	-0.00980833333333	0.032137345679
20.1	0.833857	-0.00685972222222	0.0366473765432
20.12	0.833874	-0.00655694444444	-0.0274459876543
20.14	0.833683	-0.00961111111111	-0.0238329475309
20.16	0.833423	-0.00989027777778	0.0722048611111
20.18	0.833146	-0.00461527777778	0.0829108796296
20.2	0.833354	-0.00370138888889	-0.0267843364198
20.22	0.833129	-0.00840138888889	-0.0343383487654
20.24	0.832834	-0.00619027777778	0.0123186728395
20.26	0.832938	-0.00592083333333	-0.00801890432097
20.28	0.832678	-0.00829722222222	0.037231867284
20.3	0.832436	-0.00428333333333	0.0708159722222
20.32	0.832574	-0.00286666666667	0.00610532407406
20.34	0.832453	-0.00630277777778	0.0270138888889
20.36	0.832141	-0.00293194444445	0.0909510030864
20.38	0.832332	0.000554166666666	0.0370929783951
20.4	0.832349	-0.00277222222222	0.0372974537037
20.42	0.832089	-0.000794444444445	0.140848765432
20.44	0.832193	0.00587777777778	0.120252700617
20.46	0.832488	0.00625972222222	0.000584490740733
20.48	0.832505	0.0035125	-0.0360513117284
20.5	0.832505	0.00479444444444	-0.0612673611111
20.52	0.8328	0.00216944444444	-0.116506558642
20.54	0.832644	-0.00243888888889	-0.0682908950617
20.56	0.832522	-5.1388888889E-05	-0.0369849537037
20.58	0.832748	-0.00183333333333	-0.0761226851852
20.6	0.832522	-0.00578611111111	-0.00295331790123
20.62	0.832366	-0.00341805555556	0.121869212963
20.64	0.832314	0.00191111111111	0.129263117284
20.66	0.83254	0.00380972222222	0.0396875
20.68	0.832557	0.00149027777778	0.0134683641975
20.7	0.832453	0.00435694444445	-0.013069058642
20.72	0.832817	0.00325138888889	-0.116132330247
20.74	0.832713	-0.00266666666667	-0.113416280864
20.76	0.832592	-0.00391944444445	-0.00392554012346
20.78	0.832436	-0.000363888888889	0.0164544753086
20.8	0.832713	-0.00146944444444	-0.0355073302469
20.82	0.832436	-0.00503194444445	0.0353240740741
20.84	0.832297	0.000144444444444	0.0968711419753
20.86	0.83254	0.00158888888889	0.040362654321
20.88	0.832401	0.00113055555556	0.000613425925937
20.9	0.83254	0.00199583333333	-0.0501851851852
20.92	0.832609	-0.00236666666667	-0.0258005401235
20.94	0.832314	-0.000719444444444	0.0667091049383
20.96	0.83254	0.00241111111111	0.0620543981481
20.98	0.832453	0.00360833333333	-0.0223823302469
21	0.832765	0.00132361111111	-0.100109953704
21.02	0.832557	-0.00334583333333	-0.0521161265432
21.04	0.832453	-0.000815277777778	0.0107156635802
21.06	0.832592	-0.000531944444444	-0.0174710648148
21.08	0.832522	-0.00344166666667	0.0215798611111
21.1	0.83228	0.000294444444444	0.0540528549383
21.12	0.832592	0.00146111111111	-0.0150212191358
21.14	0.83247	-0.002075	-0.0108101851852
21.16	0.832401	-0.00139305555556	0.084419367284
21.18	0.832297	0.00383194444445	0.0813618827161
21.2	0.832696	0.00385	-0.00688464506174
21.22	0.832522	0.000747222222222	0.00199266975308
21.24	0.83254	0.0043875	-0.0105381944444
21.26	0.8328	0.00338888888889	-0.129768518519
21.28	0.832834	-0.00346666666667	-0.129782021605
21.3	0.83254	-0.00558055555556	0.0301253858025
21.32	0.832436	8.7500000001E-05	0.100877700617
21.34	0.832678	0.000929166666667	0.0556134259259
21.36	0.83247	0.00146944444444	0.0290027006173
21.38	0.832713	0.002625	-0.0201967592593
21.4	0.832678	-0.000479166666667	-0.0217881944445
21.42	0.832557	0.00173888888889	-0.0231114969136
21.44	0.832817	0.000654166666666	-0.0961863425926
21.46	0.832696	-0.0043375	-0.0717399691358
21.48	0.832522	-0.00448333333333	0.0411091820988
21.5	0.832401	7.08333333337E-05	0.0472415123457
21.52	0.832678	-0.000890277777778	-0.022293595679
21.54	0.832401	-0.00370416666667	0.0147897376543
21.56	0.832349	0.000430555555556	0.0331404320988
21.58	0.832574	-0.00115555555556	0.0113329475308
21.6	0.832297	-0.00204305555556	0.097193287037
21.62	0.832297	0.00445277777778	0.107177854938
21.64	0.832626	0.00506111111111	0.00330825617284
21.66	0.832592	0.00190833333333	-0.00355324074075
21.68	0.83254	0.00446944444444	0.00862461419754
21.7	0.832834	0.00458888888889	-0.0651832561728
21.72	0.832834	0.000315277777779	-0.0815258487654
21.74	0.832713	0.000775000000001	-0.0719270833334
21.76	0.832921	-0.00108333333333	-0.101074459877
21.78	0.832765	-0.00580694444445	-0.0220543981481
21.8	0.832522	-0.00354305555556	0.106745756173
21.82	0.832522	0.00262777777778	0.0585300925926
21.84	0.832817	0.00101527777778	-0.0798186728395
21.86	0.832661	-0.00457638888889	-0.0549247685185
21.88	0.83247	-0.00365833333333	0.0726099537037
21.9	0.832401	0.00190694444445	0.0598958333333
21.92	0.832713	0.00113611111111	-0.0564756944445
21.94	0.83254	-0.00380555555556	-0.0421875
21.96	0.832366	-0.00132222222222	0.0116531635803
21.98	0.83254	-0.000834722222222	-0.0179456018518
22	0.832436	-0.00368333333333	0.0214930555555
22.02	0.83228	-0.00198194444444	0.136361882716
22.04	0.832262	0.00399444444444	0.154689429012
22.06	0.83254	0.00604444444444	0.0780652006173
22.08	0.832505	0.00712083333333	-0.00919753086418
22.1	0.832869	0.00589166666667	-0.0969560185185
22.12	0.832834	0.000765277777778	-0.0755536265432
22.14	0.83273	0.00245833333333	-0.0346971450617
22.16	0.832973	0.00214444444444	-0.0969714506173
22.18	0.832938	-0.002525	-0.109675925926
22.2	0.832817	-0.00502361111111	-0.0134490740741
22.22	0.832592	-0.00171111111111	0.035412808642
22.24	0.832834	-0.00118055555556	-0.0136593364197
22.26	0.832644	-0.004575	0.02078125
22.28	0.83247	-0.000795833333333	0.0691331018519
22.3	0.832661	0.000731944444446	0.0206500771605
22.32	0.832592	-0.000852777777777	-0.0297530864198
